1271.52
1269.31
1268.43
1270.75
1168.43
1158.99
1167.19
1137.21
1217.68
1269.32
1284.44
1121.95
1270.21
1151.45
1271.57
1270.65
1271.42
1279.74
1271.03
1285.71
1270.22
1173.94
1180.82
1182.53
1187.26
1238.92
1153.17
1148.34
1146.27
1172.61
1159.88
1157.46
1239.85
1250.76
1226.34
1209.56
1235.64
1182.41
1155.06
1158.1
1180.16
1229.87
1257.26
1261.95
1278.07
1286.85
1272.12
1255.66
1255
1264.15
1183.78
1206.41
1250.56
1223.77
1226.9
1238.15
1282.18
1284.1
1291.59
1290.35
1266.92
1268.26
1186.07
1228.85
1162.85
1171.45
1163.7
1163.31
1214.31
1245.1
1278.04
1270.2
1261.07
1257.03
1263.79
1272.61
1255.7
1276.99
1266.07
1265.91
1258.63
1296.87
1289
1276.86
1222.51
1219.71
1222.14
1224.28
1280.87
1180.42
1251.04
1289.88
1252.55
1220.17
1178.69
1257.47
1249.51
1174.57
1174.96
1219.27
