2140.35
1984.69
1977.58
1978.21
1872.86
1317.02
1311.17
1324.22
1321.22
1325.88
1329.23
1324.67
1322.41
1329.7
1329.77
1328.91
1325.28
1335.62
1305.51
1320.21
1324.85
1331.87
1330.26
1335.49
1322.43
1330.51
1330.51
1332.85
1311.34
1309.17
1308.47
1324.52
1317.68
1327.14
1331.36
1331.37
1333.25
1332.79
1328.17
1328.71
1334.66
1326.26
1343.31
1339.1
1333.33
1317.88
1329.48
1327.44
1317.68
1334.25
1337.28
1331.57
1328.5
1330.39
1328.95
1324.75
1323.38
1330.67
1327.99
1340.31
1295.59
1331.98
1319.62
1317.58
1328.02
1324.8
1324.07
1330.2
1338.93
1325.41
1333.2
1329.04
1338.9
1317.23
1321.17
1331.04
1313.62
1330.28
1333.84
1329.21
1331.19
1327.12
1331.46
1281.21
1317.83
1325.39
1324.59
1337.23
1334.2
1331.54
1329.28
1339.24
1332.79
1328.05
1304.9
1329.29
1322.66
1326.01
1335.31
1317.26
