182.827
179.043
181.35
182.657
183.967
179.563
184.413
183.748
184.403
184.282
178.826
180.413
183.829
182.799
184.76
188.775
187.404
182.932
182.707
184.232
184.571
186.29
189.633
186.862
184.319
184.233
186.738
189.888
189.513
190.453
182.987
185.847
181.363
186.889
185.01
184.05
181.974
184.45
180.436
188.157
184.172
187.268
185.752
180.748
183.309
185.828
186.917
181.271
187.6
187.061
185.679
185.224
188.186
183.122
179.068
184.539
192.908
186.522
184.564
184.313
184.989
183.702
186.405
187.437
186.986
187.344
187.673
187.836
185.203
180.498
188.17
180.306
187.749
186.563
184.214
184.81
184.416
187.237
195.635
189.79
184.122
181.97
186.037
186.141
181.721
182.241
185.081
185.218
182.426
182.333
185.983
184.066
185.81
180.468
182.928
182.643
182.475
184.203
185.336
192.835
