149.439
149.821
147.989
149.656
149.724
149.43
149.839
147.778
148.117
147.705
148.045
147.82
148.243
148.016
147.925
148.273
147.936
147.813
150.299
149.554
149.803
150.284
147.986
147.634
147.494
149.673
147.777
149.334
147.616
147.434
147.657
147.518
149.345
147.574
147.561
147.64
149.246
147.716
151.435
147.532
147.664
147.65
148.899
147.831
147.378
147.608
147.584
149.11
147.531
148.006
149.528
147.673
149.529
147.73
151.046
149.387
149.323
149.398
153.408
147.868
147.323
142.816
136.139
125.934
123.002
114.983
108.821
101.993
109.214
121.613
120.567
123.521
125.653
125.326
122.664
124.964
125.204
123.971
124.267
124.804
124.143
126.179
123.194
125.454
124.668
124.806
123.024
125.157
130.401
125.811
123.897
123.817
125.487
126.726
125.041
123.585
125.447
124.115
124.115
123.421
