788.529
819.232
663.712
763.442
840.851
849.451
819.694
838.158
683.994
630.213
838.771
647.636
849.794
786.678
776.757
752.055
868.062
866.752
636.763
626.567
626.584
643.779
626.748
561.469
683.747
644.988
576.662
862.06
802.362
788.204
779.492
772.913
803.622
699.197
818.19
776.68
847.022
831.707
847.454
802.269
750.382
752.706
747.085
829.529
817.812
755.336
835.482
835.434
803.257
922.021
830.086
818.999
924.741
847.484
804.573
792.543
763.82
932.512
831.696
784.437
929.355
826.568
934.031
813.185
846.003
883.662
710.837
803.029
786.921
705.385
772.435
606.382
843.682
870.819
867.792
856.741
856.937
864.331
854.064
856.55
984.619
928.361
864.234
722.459
843.746
817.962
805.223
863.864
808.504
782.676
900.799
850.252
802.85
836.751
830.866
852.334
758.483
855.748
813.948
827.86
