371.059
375.569
388.022
371.076
371.134
386.092
392.388
391.127
374.677
372.338
380.816
380.34
377.878
381.243
371.559
371.308
371.998
380.623
391.798
377.065
371.536
371.16
371.583
371.055
371.087
376.361
379.241
381.377
383.846
373.441
380.015
383.33
390.57
378.298
382.947
383.287
382.473
378.939
370.862
379.43
379.647
372.096
373.029
379.306
371.192
371.291
371.618
371.397
370.99
378.13
377.037
381.685
374.588
390.642
371.397
380.21
381.792
379.16
381.46
371.186
371.427
371.039
376.978
371.414
371.441
371.457
370.86
371.769
382.506
378.846
373.704
379.2
371.855
372.223
371.553
381.815
373.981
376.415
380.292
379.344
371.78
372.113
372.022
371.833
371.769
372.033
372.337
371.464
379.066
380.906
376.092
371.823
378.46
380.474
372.383
381.062
371.221
371.645
380.431
370.991
