431.943
453.92
432.032
430.121
427.109
426.839
410.104
432.207
416.568
432.143
412.325
418.943
435.65
431.942
431.763
431.909
431.789
431.718
394.597
434.836
431.626
431.735
431.818
431.792
479.553
455.213
466.468
431.736
432.038
497.465
544.554
472.037
427.055
427.075
426.931
428.387
430.264
426.95
426.923
426.83
427.08
426.811
426.794
426.903
426.832
426.893
426.804
426.888
426.834
429.975
430.395
426.912
426.938
426.813
426.977
426.882
426.834
426.846
426.916
426.979
426.957
426.847
426.98
426.957
426.952
427.086
426.881
426.785
426.938
426.928
427.138
427.028
426.958
427.091
429.587
427.286
427.178
427.21
427.242
427.215
427.244
427.156
427.175
430.532
427.017
427.136
427.01
427.065
427.05
427.088
427.073
427.125
427.147
427.181
427.227
427.173
427.09
427.101
427.164
427.217
