721.259
678.923
527.591
523.906
525.88
527.456
525.575
526.741
527.932
525.759
522.641
527.568
523.341
527.134
525.722
522.736
521.128
476.423
441.02
420.102
410.336
421.456
437.979
434.547
429.031
434.249
417.595
416.441
429.653
424.168
431.012
424.678
428.96
432.654
427.468
433.667
425.173
429.743
431.368
434.397
427.24
430.277
425.518
433.853
430.793
420.999
425.845
426.213
433.936
433.636
433.111
428.079
411.314
428.505
436.097
425.612
428.082
427.177
427.385
438.432
427.952
434.511
437.019
430.497
437.632
435.213
425.108
434.623
434.851
434.492
432.359
435.094
435.372
426.457
436.464
428.21
434.811
430.827
426.049
432.914
428.515
438.55
430.403
429.968
428.526
434.433
428.103
437.971
435.421
435.315
435.961
436.573
437.802
437.385
435.619
438.721
435.901
437.114
436.138
437.809
