1038.1
913.216
867.77
841.167
837.893
829.692
839.267
842.741
840.373
835.16
796.22
647.48
560.741
544.026
578.764
579.459
578.3
578.741
579.641
580.506
582.274
580.351
578.275
581.51
581.619
579.186
581.389
581.19
582.085
577.278
583.227
580.543
581.928
581.796
580.859
581.186
580.173
576.414
569.953
580.726
582.296
582.124
581.009
581.481
580.232
582.823
581.621
581.658
581.024
581.143
581.607
582.885
581.191
580.46
583.159
581.348
581.792
583.675
582.892
581.31
580.44
573.153
581.19
582.757
582.011
580.748
580.7
582.809
582.695
582.922
581.045
584.293
583.196
582.21
585.665
584.885
582.867
584.943
583.877
574.015
582.378
582.029
581.032
582.07
583.287
583.249
582.579
583.273
571.796
585.324
585.17
584.004
581.93
583.151
584.575
582.901
584.359
584.948
583.277
583.949
