574.003
602.804
567.567
574.875
558.846
570.74
551.24
533.403
550.946
576.102
572.261
575.819
574.932
570.208
570.309
568.902
578.68
607.406
574.734
591.811
588.897
597.946
600.865
568.474
547.664
552.488
567.59
581.949
533.224
551.398
547.926
544.071
538.049
453.917
552.697
518.025
550.464
571.148
569.018
568.796
612.644
569.491
571.294
569.564
569.829
576.15
572.673
573.69
573.509
573.316
546.401
555.408
552.541
545.652
565.625
564.146
562.636
563.709
566.04
585.555
612.314
584.233
582.957
564.554
560.945
557.663
547.249
570.449
570.882
579.59
584.514
574.018
511.965
584.156
571.192
565.379
570.966
543.91
561.446
561.008
566.955
534.408
568.673
566.041
568.487
571.13
525.364
577.222
570.823
584.441
597.152
572.749
572.941
572.446
573.713
634.627
628.663
576.565
570.767
559.761
