118.865
119.462
119.392
119.291
118.948
119.157
119.228
119.11
119.158
125.276
129.647
128.905
125.91
126.051
126.907
125.862
125.871
125.602
126.876
125.904
125.791
129.418
128.265
127.381
127.085
127.079
127.786
127.925
126.488
127.699
127.497
127.712
126.436
128.329
127.881
128.683
129.052
130.132
131.297
128.006
127.477
128.245
131.706
131.789
131.401
128.167
128.079
128.249
127.074
128.052
129.056
128.947
136.885
130.228
127.592
132.79
130.671
128.835
128.506
129.962
128.558
128.038
127.327
129.186
126.655
129.125
129.327
128.886
127.468
130.76
131.132
128.905
126.421
129.413
131.703
129.85
127.037
128.502
132.937
132.043
131.229
130.566
127.599
127.97
126.631
129.356
129.205
128.315
126.865
128.982
129.641
129.067
128.326
128.404
127.898
129.741
129.012
129.534
131.845
129.201
