126.446
121.048
122.149
122.077
121.689
122.189
122.24
122.223
121.256
120.995
120.124
118.934
120.206
119.212
120.499
118.965
120.3
119.228
120.202
119.124
120.22
120.401
119.048
120.258
119.773
119.11
119.981
119.194
120.13
118.827
120.406
120.271
120.524
118.953
120.115
118.991
119.941
120.471
119.831
119.098
120.127
120.448
120.19
120.299
120.283
118.996
120.329
120.14
120.26
119.133
119.753
120.213
119.284
119.489
120.267
119.303
119.679
120.345
120.335
120.102
120.603
120.487
119.971
120.271
119.144
125.229
119.324
119.723
119.054
120.36
119.031
119.722
119.283
122.967
122.145
119.912
116.213
109.159
104.764
100.399
95.9055
91.2433
94.2519
107.617
106.999
105.509
106.907
106.893
107.729
108.068
105.742
106.635
107.852
107.134
106.373
105.655
106.771
107.88
107.284
106.107
