2233.57
2237.43
2219.79
2256.75
2202.21
2207.51
2207.69
2232.79
2220.24
2231.66
2216.83
2206.45
2208.02
2248.91
2204.73
2248.48
2238.59
2242.68
2180.67
2188.42
2248.77
2227.54
2188.41
2170.84
2260.59
2187.68
2127.57
2095.97
2074.4
2072.49
2079.44
2142.13
2253.69
2273.79
2204.5
2192.96
2166.84
2207.37
2262.87
2241.38
2167.83
2245.7
2194.91
2163.11
2215.09
2261.47
2257.66
2203.83
2218.83
2210.17
2203.79
2210.55
2205.94
2202.26
2241.41
2225.9
2229.27
2135.26
2214.4
2200.54
2261.06
2247.69
2196.66
2218.79
2221.9
2248.82
2204.59
2185.92
2211.11
2257.05
2186.16
2244.05
2176.37
2177.05
2254.39
2211.75
2121.81
2238.75
2241.08
2200.41
1740.57
2213.19
2259.03
2185.63
2196.16
2179.86
2108.8
2076.95
2189.32
2202.36
2229.59
2229.23
2220.36
2197.52
2224.74
2205.12
2293.31
2215.22
2211.02
2194.63
