356.211
356.494
367.238
358.421
358.169
355.382
357.731
357.676
357.636
358.385
355.101
357.06
356.717
366.006
357.15
357.192
357.004
355.883
357.869
357.675
354.74
366.271
363.036
357.517
357.205
356.727
357.127
356.589
356.917
356.78
368.609
364.614
363.966
357.318
358.658
355.957
365.83
364.077
364.103
357.063
367.778
356.685
358.602
365.711
368.048
362.791
356.585
356.8
357.643
368.084
359.716
356.474
356.049
358.704
367.243
358.133
356.874
368.38
357.484
365.44
375.225
358.638
357.419
356.845
357.994
356.185
355.154
357.301
357.178
357.788
356.623
371.21
365.665
356.47
356.741
357.886
357.412
356.884
366.423
363.393
356.476
368.09
359.724
358.974
357.607
356.885
358.72
367.63
359.039
366.018
370.761
362.714
368.25
368.111
360.621
357.987
357.299
357.432
356.6
357.732
