437.843
436.614
437.715
437.522
438.373
439.944
549.46
545.229
475.207
475.981
464.154
467.659
478.847
418.242
442.088
463.565
394.459
552.637
549.758
548.515
546.454
548.347
545.683
548.846
570.279
549.098
549.146
551.608
552.703
552.605
552.159
546.709
548.717
551.322
553.573
552.597
550.569
554.329
553.865
549.887
208.478
463.839
526.947
537.869
544.523
546.965
547.589
540.849
544.817
547.681
548.809
537.865
549.673
551.142
548.524
546.271
547.814
533.888
537.203
538.816
535.02
544.474
528.63
547.779
485.606
509.092
506.374
465.168
490.119
473.906
461.221
462.609
517.838
459.254
464.149
439.867
441.283
441.541
440.643
456.924
285.39
443.632
439.82
544.221
536.087
540.875
546.578
457.449
465.509
462.756
463.516
462.877
463.283
466.774
463.176
462.573
372.804
476.072
477.735
484.651
