2182.48
2088.48
2133.97
2226.75
2263.4
2235.36
2241.4
2227.72
2242.1
2242.45
2027.63
2220.42
2179
2208.6
2184.29
2230.66
2248.4
2147.53
2247.89
2240.54
2232.85
2242.47
2251.61
2247.44
2249.9
2258.57
2258
2237.04
2249.6
2262.27
2247.19
2253.65
2278.52
2280.43
2246.27
2245.49
2244.49
2225
2229.23
2222.28
2180.62
2169.47
2236.39
2186.83
2182.99
2159.21
2157.86
2157.06
2154.7
2152.96
2178.08
2154.6
2154
2153.34
2155.07
2154.36
2152.87
2152.6
2152.22
2154.45
2152
2154.11
2155.22
2154.78
2154.2
2153.99
2150.08
2162.62
2151.68
2150.3
2240.16
2251.49
2264.99
2819.28
2988
2912.51
2418.1
2326.18
2200.81
2197.9
2200.56
2193.91
2201.2
2201.52
2204.13
2204.77
2216.47
2204.49
2199.33
2214.31
2240.9
2193.38
2181.21
2171.33
2167.73
2173.36
2178.73
2232.33
2211.86
2199.08
