2572.64
2333.99
2346.71
2366.63
2550.96
2531.47
2229.91
2581.61
2497.91
2178.22
2346.12
2449.28
2612.88
2606.51
2118.45
2614.8
2587.47
2528.46
2283.35
2511.16
2305.96
2638.36
2422.47
2628.37
2506.96
2367.87
2416.75
2614.04
2614.13
2612.4
2271.87
2529.69
2325.98
2213.07
2506.44
2575.51
2358.35
2538.86
2348.98
2347.96
2520.22
2579.9
2451.92
2492.71
2474.65
2208.53
2502.71
2345.18
2520.78
2586.91
2388.6
2396.26
2573.06
2476.43
2543.87
2254.36
2546.35
2549.03
2550.29
2407.8
2546.17
2136.18
2559.9
2547.11
2505.68
2384.03
2547.75
2600.36
2382.33
2564.28
2546.38
2401.39
2440.67
2604.26
2617.34
2612.66
2481.9
2579.76
2471.69
2433.85
2635.42
2641.32
2353.5
2521.84
2522.59
2561.97
2101.67
2482.14
2665.88
2493.22
2573.22
2564.91
2534.03
2589.39
2489.54
2536.27
2108.1
2309.09
2603.53
2502.87
