2796.16
2740.9
2746.79
2179.79
1816.85
1838.16
1843.56
1841.4
1841.63
1842.25
1841.84
1836.64
1845.36
1848.75
1849.24
1850.17
1851.69
1838.54
1854.55
1852.59
1843.91
1852.74
1855.9
1846.72
1859.12
1857.91
1858.8
1857.83
1857.84
1856.85
1856.46
1861.55
1858.18
1859.12
1859.12
1860.27
1859.82
1845.42
1860.11
1858.05
1850.35
1858.41
1859.67
1860.18
1859.89
1862.23
1860.14
1873.09
1861.12
1861.34
1863.03
1862.45
1859.93
1861.87
1862.8
1862.77
1862.45
1864.04
1862.11
1862.95
1862.14
1854.37
1862.58
1863.06
1850.87
1861.75
1862.83
1863.36
1861.69
1862.29
1852.71
1861.74
1863.83
1860.54
1863.56
1861.14
1861.08
1865.13
1861.61
1862.83
1861.73
1862.96
1862.44
1861.58
1861.92
1860.22
1861.37
1860.91
1861.32
1860.27
1862.7
1862
1862.1
1861.13
1860.25
1859.61
1858.23
1845.77
1859.73
1861.92
