2956.91
2919.89
2872.06
2132.87
1829.33
1847.28
1846.72
1841.6
1849.69
1849.58
1849.62
1852.81
1852.67
1855.24
1856.38
1854.99
1859.22
1859.67
1856.33
1862.79
1862.15
1864.38
1860.74
1866.37
1867.05
1868.24
1869.64
1867.34
1866.81
1867.14
1870.58
1870.85
1868.53
1868.78
1869.41
1867.61
1869.49
1871.32
1866.69
1868.19
1865.19
1873.93
1868.74
1867.27
1868.52
1859.56
1870.23
1880.42
1868.62
1869.63
1870.52
1869.86
1869.15
1868.77
1869.75
1866.94
1870.95
1873.47
1870.9
1871.59
1871.33
1871.25
1869.46
1874.19
1861.35
1868.97
1876.48
1855.81
1867.27
1870.08
1855.7
1870.16
1875.48
1879.83
1868.83
1870.3
1868.77
1872.42
1870.58
1870.86
1867.76
1870.35
1869.82
1868.99
1866.69
1867.53
1865.83
1867.39
1868.63
1864.18
1868.35
1870.43
1865.25
1869.14
1865.25
1866.76
1869.47
1870.02
1870.08
1869.51
