107.527
104.162
103.861
104.177
102.031
101.108
110.552
103.3
100.96
113.628
102.106
101.548
117.003
102.982
103.343
138.69
163.602
150.527
142.619
110.314
112.881
103.456
99.8496
99.3557
99.5642
100.787
101.438
101.707
108.328
103.501
102.463
101.766
100.724
99.553
99.5394
100.211
101.22
115.826
100.134
99.6067
122.116
105.398
103.848
101.948
101.623
102.218
100.759
99.9272
102.224
100.18
104.273
100.065
110.574
99.7345
99.5903
100.26
101.623
102.252
102.236
101.768
101.249
100.96
109.587
101.767
101.064
103.152
102.568
100.824
100.211
102.947
101.234
102.312
109.132
106.909
102.03
113.676
101.564
102.684
101.79
101.496
101.269
114.105
100.93
102.487
101.73
102.24
103.361
100.185
94.0591
88.838
84.6342
81.5556
118.001
102.018
98.3351
106.9
94.6961
99.4595
121.821
143.828
