2438.05
2460.11
2435.8
2436.66
2463.63
2494.16
2490.14
2494.91
2490.85
2490.31
2527.17
2455.6
2533.27
2495.13
2545.13
2447.48
2475.84
2467.17
2469.43
2486.51
2468.56
2507.66
2490.63
2502.83
2491.09
2500.57
2489.7
2503.37
2497.31
2499.13
2500.37
2473.37
2494.75
2490.77
2497.39
2494.43
2494.64
2493.45
2486.38
2491.4
2495.09
2498.23
2500.72
2480.32
2490.45
2495.1
2498.04
2495.15
2495.04
2494.08
2499.14
2481.25
2496.15
2473.54
2499.59
2503.58
2504.06
2502.91
2504.49
2498.56
2486.8
2466.65
2583.99
2495.39
2492.9
2490.83
2477.25
2478.19
2473.91
2466.68
2466.61
2461.15
2473.35
2458.14
2459.94
2462.16
2453.41
2470.57
2467.3
2467.02
2461.58
2470.9
2462.93
2463.15
2463.89
2469.31
2466.86
2466.86
2473.63
2471.29
2468.66
2465.02
2500.5
2503.26
2506.48
2493.77
2497.39
2496.39
2495.78
2499.98
