657.984
765.123
762.264
809.272
802.885
808.386
804.44
807.401
803.803
769.263
764.698
755.764
747.22
761.503
747.196
755.608
762.215
763.21
767.701
764.592
712.774
762.67
766.427
787.46
671.853
657.091
687.815
630.064
664.975
660.697
795.966
793.107
793.868
791.4
794.028
792.098
755.806
752.344
791.014
730.895
728.099
745.314
770.357
760.81
798.259
771.78
646.659
752.71
746.687
756.568
750.642
750.008
659.709
795.806
770.302
774.062
812.631
793.469
766.864
799.285
785.449
649.263
734.083
757.64
715.664
821.106
766.389
851.679
652.628
643.878
645.65
757.416
743.705
752.091
789.282
799.864
713.209
680.346
656.179
757.032
732.402
724.959
725.69
726.448
726.224
813.265
759.055
745.068
746.938
750.006
783.225
774.56
769.05
774.296
777.023
768.702
788.29
759.203
685.694
743.308
