525.637
536.23
525.34
524.96
526.317
524.891
526.387
535.945
525.181
525.965
526.428
525.673
525.51
532.616
553.064
535.472
524.591
524.729
525.609
525.982
536.444
534.597
535.921
535.415
534.861
526.1
530.982
541.906
537.76
527.207
536.122
545.209
525.056
525.933
524.892
524.872
525.223
525.331
526.137
535.276
535.239
526.239
527.11
526.426
527.009
526.38
526.501
526.397
522.458
526.374
526.479
526.694
525.579
526.572
527.397
527.789
526.534
525.087
524.449
525.34
525.314
524.275
526.584
533.552
525.169
525.308
525.709
526.775
533.721
537.329
533.936
533.224
526.323
529.497
525.581
528.109
527.776
533.932
528.305
525.652
526.139
525.726
528.24
526.116
526.518
530.576
532.376
541.303
541.277
534.12
540
526.745
525.491
525.465
527.427
534.347
535.232
528.361
535.387
527.062
