1285.52
1009.22
1001.76
1003.43
1000.12
1001.89
1002.21
1001.88
998.785
829.347
676.421
680.813
711.27
704.556
709.604
708.681
706.719
711.058
712.477
703.488
701.837
701.642
710.79
709.08
710.922
710.537
718.52
709.663
718.869
715.438
717.522
713.945
713.802
711.442
716.849
713.496
716.567
715.357
712.481
712.826
713.012
713.265
716.718
716.752
717.868
711.892
712.95
709.942
714.344
718.344
716.872
718.885
715.623
717.017
714.868
716.939
712.941
714.38
709.195
707.882
714.29
708.686
716.016
715.752
715.358
717.312
717.921
712.684
714.558
720.523
714.275
717.9
715.145
717.849
713.321
716.989
718.186
717.434
727.062
720.176
717.333
717.534
718.973
719.673
715.722
720.524
719.614
714.667
719.455
717.704
719.751
714.587
712.913
719.2
720.911
720.461
718.192
717.84
716.5
720.232
