2824.91
2755.37
2752.79
2175.44
1800.99
1831.35
1833.67
1833.55
1821.33
1833.98
1833.28
1836.34
1839.35
1838.04
1836.97
1839.93
1830.37
1841.59
1842.6
1841.67
1842.15
1842.63
1842.28
1841.45
1845.92
1846.07
1842.31
1848.09
1848.8
1835.21
1847.21
1851.92
1848.97
1851.25
1853.84
1854.74
1854.65
1857.45
1856.76
1844.52
1854.34
1852.99
1847.1
1856.77
1856.01
1857.52
1857.29
1857.4
1857.12
1860.88
1858.45
1858.19
1860.7
1859.81
1848.44
1858.87
1860.25
1858.37
1861.28
1860.88
1860.48
1861.21
1861.16
1860.86
1860.97
1861.67
1860.09
1860.53
1859.84
1861.94
1850.31
1862.17
1859.51
1847.03
1857.85
1860.81
1858.57
1859.32
1860.05
1860.78
1859.78
1860.78
1862.17
1859.94
1860.9
1860.82
1850.59
1856.1
1858.67
1858.17
1860.67
1859.83
1863.33
1865.9
1859.82
1848.11
1856.32
1859.32
1862.17
1859.98
