736.64
721.077
723.015
714.772
714.672
718.608
718.166
715.484
717.026
716.519
714.602
715.079
714.858
710.858
718.096
722.575
719.897
716.176
715.182
714.935
717.017
714.636
714.238
716.116
715.77
714.482
714.429
714.16
715.324
715.973
714.63
715.4
715.326
715.401
714.383
714.728
714.801
714.207
714.172
724.687
714.512
725.782
715.799
717.617
722.456
718.221
735.067
721.077
726.384
714.31
716.154
737.871
724.179
735.877
725.148
726.015
733.788
715.637
714.453
714.707
718.174
716.179
772.8
715.524
729.924
725.354
717.138
723.458
717.009
716.417
717.856
717.965
725.772
716.629
723.883
714.976
716.575
728.167
721.464
736.94
726.777
714.677
714.461
726.767
730.799
727.893
730.046
726.046
726.814
716.698
724.671
714.749
714.123
729.493
722.231
714.565
715.714
717.189
717.976
724.974
