103.888
102.024
102.061
101.55
102.187
101.471
101.953
101.664
101.392
101.836
101.72
100.785
101.008
100.235
100.98
99.823
99.6025
99.7813
102.49
100.146
99.7566
100.253
99.9347
100.15
100.062
99.7773
100.303
99.778
99.9958
100.308
99.8179
100.551
99.8842
99.816
100.225
99.6545
100.194
100.175
100.196
99.9374
99.4081
100.189
99.9032
100.025
100.216
99.8473
100.067
99.6895
100.307
100.106
100.27
99.6704
99.9741
100.231
99.8957
100.007
99.7989
100.211
100.208
99.9305
100.169
99.8935
99.8828
100.253
99.6727
100.351
99.9476
100.273
100.258
100.165
100.049
99.8193
100.068
100.552
99.6159
100.204
99.6228
100.153
100.021
99.7652
100.179
99.6812
101.861
100.297
99.7112
100.053
99.856
99.6276
95.5061
90.9279
87.8966
84.1369
80.9009
95.1407
98.4637
96.0957
94.6825
95.2424
93.1524
94.6512
