355.649
360.706
360.381
353.857
353.502
353.536
358.848
361.474
362.019
353.699
364.5
354.6
353.821
366.134
361.877
353.522
353.756
354.482
353.333
353.577
353.529
353.709
353.715
353.699
353.783
353.876
355.066
353.657
353.275
353.629
353.73
353.819
353.709
353.57
353.741
353.596
353.678
353.681
353.873
353.621
353.619
366.002
355.265
362.745
353.838
362.11
353.206
362.513
362.159
355.992
363.585
364.501
366.305
360.956
361.495
356.43
353.693
355.071
361.088
363.847
353.698
353.162
363.695
364.22
356.302
361.463
353.097
354.388
353.967
352.4
364.008
368.197
359.088
353.58
353.342
353.476
361.867
363.939
362.221
355.897
353.825
363.661
354.46
354.473
354.497
355.233
366.114
362.887
354.586
355.397
354.606
354.891
354.523
354.262
354.065
355.378
359.74
364.479
353.551
353.38
