404.677
400.394
376.777
231.195
395.283
393.795
393.685
251.15
234.18
232.984
232.059
246.323
247.873
252.297
245.836
248.34
243.439
240.04
239.883
231.106
240.21
262.62
248.876
251.118
247.775
242.732
258.823
240.671
244.791
243.869
243.866
238.776
239.741
235.998
245.97
245.739
227.616
222.791
193.31
184.002
172.992
187.416
207.953
209.089
197.075
195.122
198.493
197.584
196.015
184.445
211.362
195.99
201.231
203.02
197.487
209.761
199.939
205.086
196.691
194.608
198.165
194.226
202.347
195.523
197.408
198.408
201.593
194.579
213.655
195.995
196.219
209.421
201.675
205.144
190.039
199.104
197.565
210.685
194.53
193.648
204.199
199.427
195.792
197.401
196.435
197.006
201.807
196.194
198.923
200.531
197.479
197.808
197.454
194.81
199.856
208.351
202.874
200.528
198.511
189.715
198.61
200.046
206.567
197.12
