1116.31
968.917
921.74
925.899
923.358
930.315
928.839
928.191
924.589
917.93
702.35
609.252
569.96
693.226
647.003
671.767
650.164
666.289
646.874
668.079
641.562
619.092
618.324
668.242
667.694
649.007
667.892
649.722
668.692
650.071
668.221
667.8
621.456
651.464
626.799
631.272
662.12
656.791
626.288
651.952
622.467
651.469
627.306
654.457
625.677
653.407
627.299
666.776
652.346
670.44
648.77
670.653
625.748
642.165
635.313
627.278
651.634
671.007
649.892
671.903
658.989
649.377
671.283
653.175
672.531
655.93
653.643
621.866
672.09
623.134
670.395
623.077
671.701
626.708
672.754
625.557
671.105
605.12
628.787
654.972
623.575
632.54
655.101
623.655
653.626
627.112
655.926
627.743
656.24
655.856
627.673
657.342
628.824
654.579
624.159
655.869
655.577
662.795
641.112
671.337
