4088.79
4178.24
3062.85
2531.76
2516.94
2542.57
2518.4
2545.7
2521.14
2521.44
2523.76
2522.19
2487.2
2520.13
2486.42
2519.82
2488.21
2499.38
2498.12
2497.57
2498
2523.37
2498.42
2497.1
2521.54
2498.75
2520.66
2499.44
2523.98
2496.86
2522.43
2481.47
2500.15
2479.99
2505.39
2480.29
2481.4
2480.26
2478.81
2479.37
2506.42
2483.83
2504.44
2480.52
2505.78
2495.36
2477.71
2505.38
2477.72
2506.59
2476.69
2507.52
2478.81
2511.64
2480.45
2509.45
2500.04
2480.82
2510.38
2481.33
2484.22
2482.77
2510.12
2480.55
2507.95
2480.37
2508.83
2481.57
2507.36
2486.99
2485.43
2486.35
2529.77
2501.04
2532.84
2502.47
2527.96
2504.27
2486.64
2484.43
2454.91
2486.04
2473.52
2486.15
2486.69
2494.09
2528.74
2517.42
2524.68
2510.41
2515.27
2515.21
2518.46
2502.8
2513.73
2503.58
2492.26
2491.98
2488.95
2480.65
