408.036
405.944
404.611
408.081
407.502
397.299
393.676
396.782
396.458
397.195
396.284
391.994
402.925
395.628
395.382
396.565
398.163
397.049
400.79
398.428
395.47
397.012
395.602
396.393
395.901
396.417
397.206
395.675
395.249
395.012
403.251
394.705
395.525
397.465
396.77
396.802
398.148
396.845
405.731
402.848
396.259
398.368
397.678
397.47
397.151
407.453
396.876
396.563
395.555
395.188
398.259
397.359
396.128
397.183
406.089
417.267
405.531
406.112
396.232
398.317
396.084
397.515
398.098
394.663
396.496
398.667
405.166
398.827
404.401
396.133
398.099
393.049
395.745
398.036
398.484
398.167
394.914
396.794
412.191
398.095
406.866
402.831
399.857
405.356
396.567
396.716
402.041
404.519
404.36
406.783
408.477
406.564
398.496
396.792
397.458
407.864
406.359
394.478
395.561
404.382
