2491.89
2492.76
2683.62
2729.46
2710.76
2660.95
2550.66
2336.42
2618.04
2710.98
2511.89
2294.63
2429.89
2483.59
2696.04
2666.9
2497.99
2657.43
2675.83
2705.1
2457.55
2745.15
2685.05
2526.12
2708.64
2450.37
2592.17
2674.17
2595.94
2462.6
2518.26
2282.14
2551.56
2212.18
2381.53
2549.55
2529.98
2557.76
2597.4
2093.26
2583
2488.54
2523.46
2630.7
2510.81
2595.22
2671.68
2568.48
2596.46
2542.25
2504.3
2304.07
2526.97
2597.92
2669.02
2509.11
2717.61
2491.88
2328.43
2595.05
2583.17
2383.16
2549.6
2673.68
2329.34
2504.97
2713.14
2711.05
2421.48
2731.74
2571.37
2571.4
2675.61
2590.39
2703.79
2718.62
2724.56
2573.04
2666.43
2735.35
2735.57
2733.66
2717.05
2735.63
2725.57
2764.32
2734.75
2741.96
2619.89
2653.99
2727.06
2736.6
2427.61
2309.39
2421.01
2378.03
2492.15
2698.74
2682.83
2679.47
