288.662
282.605
289.322
287.953
287.971
287.933
287.925
288.201
287.836
263.165
290.715
288.647
288.818
288.568
288.64
288.536
286.987
291.41
289.648
287.541
287.802
289.69
286.868
286.967
286.883
286.811
287.137
286.908
286.672
287.059
286.802
287.019
286.947
287.006
287.183
286.658
289.414
287.456
287.696
287.564
287.692
288.376
290.422
287.691
287.659
287.802
287.697
287.552
287.752
287.274
287.672
287.628
289.489
290.456
287.579
287.772
287.498
287.713
287.557
288.914
286.87
289.824
287.482
287.538
287.584
287.454
287.501
287.383
287.466
287.599
287.719
288.479
287.656
288.528
285.883
285.751
285.796
285.743
285.66
285.835
285.696
285.939
285.792
285.871
285.774
285.911
285.791
285.721
285.987
285.833
285.77
286
290.293
287.55
287.574
287.581
287.554
287.849
287.492
287.548
