2982.6
2884.77
2879.58
2085.65
1829.02
1854.37
1852.72
1855.54
1859.81
1858.79
1860.27
1851
1862.01
1864.17
1864.15
1864.97
1868.57
1868.13
1867.69
1869.25
1867.55
1872.18
1871.97
1871.26
1870.32
1870.63
1869.39
1870.6
1869.83
1872.2
1871.21
1870.41
1871.07
1874.54
1873.13
1871.45
1873.67
1871.41
1872.21
1872.85
1871.05
1871.06
1871.31
1868.4
1881.87
1872.37
1873.06
1873.03
1873.49
1874.37
1873.61
1872.83
1874.27
1873.73
1873.83
1874.07
1872.41
1871.32
1874.24
1874.57
1877.11
1878.29
1877.53
1876.96
1878.52
1877.51
1877.52
1876.6
1875.55
1877.66
1876.58
1874.37
1874.29
1878.37
1874.64
1875.59
1875.78
1875.77
1874.56
1872.74
1873.72
1883.26
1872.17
1881.01
1876.13
1875.77
1874.27
1873.66
1873.8
1877.33
1875.79
1875.48
1877.2
1877.38
1875.25
1878.39
1879.87
1875.71
1875.65
1874.82
