1219.47
1188.42
1192.91
1195.23
1199.35
1200.74
1191.39
1298.73
1160.93
1164.41
1123.85
1168.24
997.057
1258
1277.9
1275.15
1270.55
1253.45
1282.67
1291.04
1301.77
1239.77
1326.46
1142.15
1158.09
1129.4
1154.66
1161.38
1167.49
1120.09
1165.7
1122.44
1125.98
1226.63
1253.44
1334.52
1074.25
1336.21
1294.71
1299.87
1280.22
1280.39
1180.88
1170.77
1340.26
1299.4
1248.76
1326.14
1282.5
1246.04
1297.6
1301.46
1344.66
1341.88
1327.12
1135.71
1170.13
1156.65
1147.82
1127.76
1094.09
1116.28
1141.39
1146.78
1125.04
1137.57
1183.05
1146.95
1132.24
1125.14
1210.94
1317.86
1239.26
1240.34
1246.21
1249.63
1227.79
1293.67
1142.64
1154.47
1153.79
1268.66
1313.08
1286.08
1255.56
1315.43
1302.67
1322.86
1284.17
1337.84
1249.88
1263.39
1271.94
1247.22
1295.03
1328.54
1156.4
1175.26
1140.81
1156.42
