152.876
151.172
153.959
155.367
154.394
154.754
154.703
153.49
152.758
150.55
148.573
152.155
148.642
148.243
149.077
151.184
150.945
148.572
149.022
150.402
150.527
151.903
150.408
150.456
150.308
150.297
150.286
152.119
150.593
150.702
149.674
150.357
150.263
150.43
150.414
150.488
150.571
150.246
149.901
150.537
150.468
150.657
150.882
150.384
150.416
150.44
150.566
150.54
150.205
150.718
150.349
150.527
151.588
150.439
150.717
151.939
150.413
150.693
149.986
150.4
150.277
144.669
137.308
128.996
121.793
118.154
110.626
105.21
113.375
126.051
125.789
125.953
126.195
127.18
126.615
126.32
125.412
127.209
126.478
125.834
126.161
129.115
126.896
126.887
125.995
128.092
126.647
127.048
126.241
128.197
127.118
127.799
125.716
126.075
126.461
127.212
125.64
127.026
127.278
126.772
