123.792
119.586
118.961
122.543
118.736
119.057
118.719
118.798
118.78
118.54
118.648
118.8
123.358
121.306
120.819
124.917
118.653
118.389
118.24
118.351
119.764
119.471
118.544
119.579
119.752
120.357
121.986
118.422
119.692
118.625
120.708
125.144
125.399
120.978
119.092
126.393
127.682
164.01
131.319
124.558
122.996
118.477
118.984
119.141
120.893
120.114
128.498
118.967
118.373
119.526
119.053
119.937
120.013
119.602
119.814
119.31
118.287
119.625
118.395
119.556
119.437
118.53
119.183
119.669
118.284
119.777
122.447
118.395
119.042
119.616
119.402
118.805
118.374
116.862
109.85
105.649
99.5547
96.4829
91.0523
90.9756
104.714
105.765
104.643
104.656
107.74
105.161
105.43
106.09
106.046
106.274
104.389
105.438
103.914
104.875
103.686
102.797
104.923
106.297
106.838
105.665
