1528.3
1468
1521.72
1456.54
1442.25
1442.47
1202
903.865
975.539
976.6
977.123
976.408
976.542
964.973
976.389
976.269
977.129
975.696
976.133
965.031
974.905
975.816
976.426
977.269
979.22
979.683
978.083
978.584
978.432
979.158
980.181
979.501
978.166
977.609
978.991
980.088
980.568
979.638
978.415
978.874
979.944
978.991
982.011
980.142
983.374
977.518
980.679
980.761
979.983
981.049
990.643
980.839
980.487
980.508
981.662
982.101
981.297
979.832
980.584
981.292
982.054
981.894
981.548
983.331
981.732
982.707
981.004
980.133
980.717
981.83
981.186
980.49
981.345
980.449
981.498
980.106
982.582
982.263
981.974
981.033
981.378
970.609
981.174
980.87
980.73
981.021
981.453
981.436
981.639
985.217
982.609
982.561
986.66
989.123
981.595
982.227
982.857
982.34
982.94
982.883
