1631.02
1530.49
1513.98
1520.36
1511.47
1518.88
1113.1
895.409
956.327
950.851
956.421
955.557
952.269
950.358
969.801
953.877
955.837
960.867
966.968
958.932
953.822
955.813
954.09
965.827
952.643
951.375
960.416
958.602
955.466
959.993
953.372
961.038
952.193
958.569
953.562
959.034
953.245
962.473
954.422
959.604
953.765
960.121
960.223
960.462
957.422
973.27
957.514
964.349
957.943
958.333
958.981
958.475
960.135
982.408
976.006
975.271
974.566
974.244
975.727
976.205
977.265
976.797
974.905
976.115
975.775
976.551
976.31
976.976
978.588
979.254
977.215
980.254
976.611
976.394
976.313
977.303
978.132
978.352
977.781
978.831
978.447
976.494
973.982
980.31
977.46
978.529
977.975
978.273
979.213
978.201
979.083
977.654
976.473
976.256
977.223
977.169
977.877
978.183
977.62
977.565
