475.385
470.495
444.023
261.43
262.647
260.101
271.554
263.514
269.377
260.972
261.077
259.665
272.188
268.972
261.144
260.333
261.169
260.699
262.718
267.671
263.77
265.887
259.942
258.84
274.526
264.664
259.613
260.382
264.779
267.766
260.952
265.844
250.555
227.609
215.893
191.658
190.816
215.708
218.482
222.828
221.554
222.101
221.932
221.635
225.375
218.113
221.821
218.494
225.687
219.738
221.65
219.838
218.146
224.963
222.597
223.55
219.044
221.597
224.202
224.283
220.088
224.883
229.34
226.688
224.235
219.983
218.296
221.787
221.511
218.701
223.064
219.865
226.278
219.448
219.292
218.565
223.081
219.442
224.264
221.361
222.943
218.752
224.06
225.339
223.96
220.84
221.725
219.508
220.924
225.769
221.573
219.576
221.756
223.772
219.516
224.22
223.93
224.603
219.535
220.764
