586.376
572.416
510.664
440.396
434.114
434.46
441.382
440.311
426.762
428
432.55
426.145
425.925
426.68
427.196
426.253
427.933
429.431
428.787
425.416
395.806
324.494
292.038
274.803
258.264
287.52
294.729
296.325
298.844
295.697
295.145
320.256
296.354
295.182
301.459
297.312
295.875
295.049
297.605
297.824
300.561
296.317
294.37
295.617
298.939
295.861
297.767
294.265
301.15
296.144
294.076
306.575
307.908
295.914
296.242
294.387
299.057
291.149
295.902
296.451
293.979
306.973
301.445
294.111
297.372
295.753
295.505
297.689
295.275
294.405
297.575
298.299
300.3
294.11
291.075
299.199
296.033
299.395
300.271
294.669
297.429
293.966
301.961
300.482
301.862
295.576
294.631
299.073
306.932
298.426
298.368
291.32
294.076
297.015
295.469
296.135
295.262
298.309
295.67
298.176
