627.741
621.856
497.692
478.592
471.508
472.852
475.396
471.803
470.682
470.613
469.468
470.219
470.026
470.341
473.39
473.659
473.626
472.798
467.017
411.691
366.11
333.741
360.537
369.377
370.931
368.563
368.755
370.578
369.951
368.314
370.169
371.182
369.876
370.415
369.596
377.31
367.268
370.838
370.498
370.423
370.123
370.252
370.876
370.201
369.091
370.541
369.92
369.862
369.756
370.133
370.638
370.068
371.056
369.674
369.231
371.272
369.355
370.624
370.194
372.009
369.206
371.292
371.122
371.133
370.077
363.624
372.158
370.084
370.751
370.169
369.321
370.799
369.663
372.19
370.275
370.591
370.771
372.338
368.56
372.197
370.723
369.211
372.646
369.874
368.779
373.516
371.153
371.525
370.676
369.511
370.815
372.219
371.226
371.957
370.98
371.059
370.372
372.068
371.401
370.538
