124.579
120.467
120.679
120.609
120.419
121.212
124.539
124.016
127.684
128.71
130.603
136.207
139.693
129.114
128.394
128.466
127.48
129.196
130.699
143.233
136.203
131.095
128.475
138.266
132.577
127.759
132.522
134.755
137.008
131.217
132.366
142.34
133.279
128.271
128.06
127.268
127.811
128.236
127.714
126.99
131.004
130.361
128.43
127.155
127.84
128.479
128.153
127.085
128.117
127.982
129.005
127.167
128.343
129.466
128.232
127.167
128.243
128.048
130.189
131.493
135.095
130.249
138.631
139.871
138.586
137.788
129.813
128.836
132.404
131.399
128.747
131.384
128.994
131.418
129.077
128.167
129.435
128.811
127.984
131.968
132.027
133.542
133.24
134.034
132.996
133.213
129.208
130.638
130.212
128.449
128.128
128.641
132.363
133.389
133.178
130.118
129.826
129.833
128.947
129.664
