428.876
437.962
427.475
436.869
429.019
430.346
438.118
439.944
428.771
436.881
439.387
439.198
434.113
441.258
437.656
428.668
428.829
428.885
430.14
442.723
437.493
434.507
431.916
440.5
433.504
429.655
428.753
429.029
430.68
437.873
437.68
428.572
428.836
437.82
438.601
438.837
428.227
428.621
438.543
431.428
429.697
429.219
435.774
428.716
435.5
441.532
441.878
440.685
438.468
428.611
428.628
428.659
432.914
442.316
439.63
440.723
428.787
448.36
432.407
441.639
437.816
443.57
429.296
429.396
429.396
428.7
429.2
436.093
436.012
428.55
428.486
428.081
434.38
439.359
428.288
439.183
439.259
433.325
436.507
439.277
440.036
428.44
429.011
427.794
428.32
428.369
436.303
429.612
438.809
432.97
438.429
429.687
431.16
428.535
440.892
436.11
437.757
439.167
438.436
430.83
