715.198
723.118
718.546
722.643
717.584
718.179
716.282
730.442
724.287
715.209
720.284
723.683
720.39
722.059
725.227
714.814
725.243
722.869
714.682
714.578
714.898
714.641
715.16
715.108
714.845
715.32
714.626
714.801
714.908
715.022
715.41
711.943
724.923
724.995
716.284
724.021
724.541
724.522
714.968
737.329
731.027
718.765
715.576
715.169
728.787
724.743
732.658
726.658
732.167
729.58
714.859
715.118
714.235
732.738
725.238
729.673
736.614
724.49
714.753
714.707
714.386
714.862
732.782
728.337
736.751
729.921
716.811
715.38
715.427
717.401
726.113
736.687
719.826
726.448
725.03
724.755
727.352
721.327
725.348
724.437
725.305
740.875
714.457
722.927
714.743
736.582
725.374
715.031
724.303
714.013
714.323
713.646
714.738
725.355
723.793
714.473
715.027
714.446
721.465
721.307
