589.932
591.562
380.272
300.554
299.819
308.837
299.644
297.317
295.049
296.221
322.774
325.045
301.823
324.199
312.555
294.014
293.523
294.722
293.067
300.088
293.863
293.679
301.031
295.826
294.434
296.377
295.268
293.734
284.072
261.037
242.329
223.166
218.122
225.757
235.132
235.061
236.063
235.761
236.862
236.678
236.84
236.513
240.26
237.001
237.539
237.309
239.007
238.38
239.455
238.999
239.535
237.538
236.588
239.006
240.116
237.608
242.21
239.218
238.023
238.008
237.87
237.051
237.719
235.533
236.18
238.128
238.003
236.727
237.819
237.931
237.496
240.396
235.936
236.286
236.909
237.719
236.681
236.483
236.498
239.194
238.791
238.341
237.439
236.442
239.38
236.317
238.476
238.053
239.348
236.941
237.503
239.854
240.629
237.417
239.98
236.616
238.535
237.193
238.458
236.906
