184.455
184.573
180.155
182.922
182.418
181.833
183.403
180.726
184.716
190.044
185.49
181.494
188.82
216.632
191.638
193.519
181.105
180.545
186.388
180.492
180.109
186.052
194.524
182.425
181.667
189.459
185.422
190.547
183.816
187.392
199.223
186.329
183.559
181.809
185.714
187.241
187.165
180.758
180.709
185.874
180.81
181.517
180.857
184.761
182.899
181.158
181.584
185.993
193.282
187.906
184.607
185.523
183.477
186.097
189.167
180.487
180.754
185.797
180.371
180.76
180.784
180.277
180.658
181.743
180.389
180.709
186.488
184.864
186.723
181.333
180.335
180.573
185.355
186.804
185.561
183.838
181.063
196.839
193.012
182.317
181.264
183.403
190.487
190.878
191.404
193.235
182.779
189.308
194.668
192.662
190.096
194.497
203.294
193.81
182.03
186.555
199.16
191.722
191.502
182.205
