320.433
322.786
326.168
323.918
319.614
333.854
353.303
320.984
317.879
323.108
316.162
315.985
315.658
332.211
326.365
320.026
320.217
322.059
316.53
316.792
316.879
320.23
323.197
323.576
315.911
317.238
317.764
324.066
318.561
317.479
318.451
316.8
324.472
318.645
316.373
316.19
316.001
315.99
315.801
325.638
315.798
325.333
316.408
316.14
316.296
316.546
316.015
316.011
315.973
316.174
316.21
316.131
316.156
327.954
317.6
316.244
316.266
315.893
320.924
316.663
316.755
322.331
315.954
315.93
324.513
325.265
316.332
315.928
317.646
328.885
332.582
320.802
325.991
320.882
325.948
316.494
316.108
325.97
327.244
317.314
316.467
316.515
317.979
321.644
316.218
316.272
318.178
328.892
323.734
326.775
316.835
325.295
327.111
316.678
318.251
316.12
318.075
316.856
318.314
322.627
