114.327
114.245
115.038
123.975
117.69
117.755
119.114
122.532
123.657
124.458
132.965
122.698
126.546
126.52
125.497
131.439
131.721
131.766
130.084
126.62
132.888
126.044
125.846
124.728
125.265
133.23
132.627
124.795
123.863
125.644
128.414
123.991
124.577
124.724
124.813
123.642
123.916
116.148
125.678
123.685
124.391
123.969
124.368
129.926
122.632
123.793
123.952
123.671
122.927
123.545
123.818
123.782
122.695
123.641
124.095
123.92
123.106
123.822
124.143
124.091
122.794
123.549
130.991
123.779
123.162
123.869
124.363
124.692
123.027
131.78
122.804
130.177
121.871
123.305
132.228
131.491
122.38
123.528
123.841
133.008
121.177
123.736
123.268
132.558
122.248
127.295
131.85
123.911
124.401
124.344
124.723
124.838
124.428
124.753
131.601
130.871
123.648
124.366
125.09
124.896
