541.217
534.33
534.302
534.367
534.204
534.108
534.222
534.317
534.221
534.202
534.18
534.253
534.336
534.275
534.253
534.244
540.934
475.001
386.049
334.151
324.415
333.655
324.336
324.372
324.307
324.328
324.391
324.316
324.448
324.427
324.262
324.422
324.4
332.545
324.512
324.237
324.294
324.328
334.501
324.622
324.424
324.365
324.508
324.485
324.459
324.508
324.483
324.49
324.512
324.443
324.465
324.666
324.492
324.395
324.433
334.714
324.352
324.538
324.386
324.301
324.385
324.314
324.214
324.342
324.372
324.371
324.609
324.363
324.421
324.345
324.356
324.423
324.478
324.455
324.413
324.524
324.328
324.562
324.458
324.414
335.085
334.162
324.542
324.515
324.454
324.515
324.533
324.5
324.666
324.485
324.429
324.451
324.495
324.466
324.497
324.439
324.502
324.626
324.499
324.422
