564.254
564.122
564.731
564.404
570.844
564.293
564.181
564.019
564.421
564.079
564.469
564.096
564.102
564.35
564.497
564.26
503.325
409.115
351.908
342.737
342.966
342.838
342.658
352.159
352.561
342.613
342.667
342.576
342.579
342.675
342.491
342.774
343.184
342.642
342.752
342.714
342.878
342.668
342.748
342.835
342.918
342.515
353.298
352.234
342.896
342.715
342.925
342.672
342.506
342.671
342.933
343.183
342.956
343.307
343.05
342.64
342.697
342.665
342.711
342.821
342.655
342.833
342.761
342.591
342.944
342.899
343.028
342.911
342.718
342.751
343.155
353.072
352.976
342.656
343.201
342.614
342.754
342.833
342.591
342.574
342.612
342.678
342.935
342.919
342.548
342.729
342.681
349.66
352.782
342.8
342.648
342.625
342.616
342.559
342.586
342.882
353.372
353.314
342.68
342.961
