658.812
663.064
658.407
659.235
663.421
658.49
658.038
664.244
658.433
658.432
658.287
658.389
658.542
648.77
529.214
429.277
399.597
399.835
399.697
399.775
399.693
399.77
399.678
399.755
399.738
399.536
399.558
399.625
399.704
399.652
399.677
408.653
409.506
399.204
399.355
399.12
399.247
399.284
399.147
399.677
408.88
408.508
399.258
399.228
400.107
399.382
399.333
399.387
399.538
399.451
399.862
399.346
399.219
408.87
409.159
399.993
399.785
399.759
399.88
400.395
399.724
398.562
399.742
399.752
399.806
399.896
399.849
399.914
399.808
399.816
408.089
408.962
399.322
408.976
408.972
399.75
399.688
400.043
399.837
400.103
399.76
399.874
399.865
399.856
405.99
410.03
399.301
409.668
399.747
399.928
399.991
399.906
399.841
399.957
400.126
400.126
399.996
409.379
399.197
399.293
