69.1415
71.2022
58.4048
58.2039
61.0481
94.8364
106.456
95.6743
71.3729
76.2128
114.097
100.756
94.4821
74.9928
75.5178
110.508
93.3775
83.3339
79.3517
80.0619
107.75
125.751
86.2803
77.7635
76.499
75.1606
76.087
83.8385
107.409
111.631
88.7882
73.6648
78.9906
78.4135
79.202
78.8382
78.5506
77.5572
78.9897
78.3256
77.2701
76.0331
78.2347
76.6808
85.2986
78.289
92.5123
81.2297
93.1268
75.1369
76.4807
84.9231
87.7449
82.2683
87.6027
80.897
81.0493
90.9327
76.2443
77.7685
78.0481
78.486
77.7944
76.38
76.3185
78.8651
75.8696
77.1903
111.023
85.3625
77.4498
81.5229
78.7108
77.8951
80.1698
78.3849
79.3323
78.6888
78.5558
76.3116
77.8353
83.627
74.1751
88.1243
76.6081
76.4522
77.316
82.1037
74.999
78.806
76.0311
78.6367
79.8732
77.7001
76.1446
75.6117
76.9499
76.6568
76.8828
76.9909
