64.3774
58.3831
59.1074
58.1834
56.8384
59.6009
65.292
96.3301
106.906
95.1482
76.8338
86.6865
102.602
102.125
93.4475
75.4231
82.4593
71.6521
74.1682
97.5309
101.543
100.96
92.2871
84.5907
72.0196
74.7471
104.156
108.132
80.8014
89.8105
71.0957
75.0146
78.9478
74.1311
74.9389
73.2765
74.002
74.9571
74.8323
76.2568
74.5181
73.5406
97.2032
105.14
104.52
78.93
78.0911
72.8011
73.2071
74.7946
75.5908
74.4854
74.5853
74.6764
73.5111
76.4339
77.4549
77.9013
76.678
78.4372
77.855
78.097
87.968
71.7919
78.3669
76.4577
75.1596
84.7008
73.5274
78.888
76.5974
95.7202
72.7022
73.8751
94.2116
77.4138
74.398
89.3965
74.0339
75.2026
73.3074
75.3415
74.3249
75.7207
75.3256
78.2042
73.5071
74.5262
73.9153
76.741
74.1252
74.5316
75.6429
92.8803
78.555
77.2243
75.4291
76.1341
75.25
74.4603
