76.2053
68.8581
69.1761
68.443
70.2297
76.7134
78.0655
82.9078
84.4019
83.131
82.2465
88.2811
86.0088
84.6724
91.6141
86.5051
82.6789
88.6459
87.6277
87.4176
89.4631
89.4528
86.8572
88.0997
88.1041
85.0095
88.3275
87.6227
88.4507
90.1989
87.9209
88.5371
91.8885
83.1194
90.7978
89.7611
90.6209
99.8458
94.7883
96.017
85.4837
87.1925
94.5806
109.597
100.808
96.6562
85.6789
86.6041
85.0358
89.7978
95.715
96.8797
85.9172
88.1047
85.5506
91.501
100.8
95.716
99.1208
88.4865
84.3001
82.9243
84.3629
92.0514
90.2864
91.6277
93.8287
104.334
107.5
107.996
119.664
84.5217
83.7622
87.8111
86.8096
88.8757
97.0772
89.7219
84.5859
86.1776
86.6116
94.057
84.5881
85.4491
85.6419
86.684
86.2046
86.3707
84.815
83.4988
84.857
84.8895
86.9735
87.1997
86.0614
100.102
91.3389
86.9018
86.5882
98.7786
