187.629
189.449
182.201
181.544
182.409
182.891
182.401
188.367
185.436
186.904
191.127
191.325
188.19
189.837
193.292
186.241
192.813
192.684
192.644
193.879
193.581
192.369
193.849
185.85
195.823
192.622
188.968
195.468
192.357
193.597
194.074
188.032
194.67
193.348
193.346
195.577
203.301
192.336
193.671
184.436
183.485
182.927
189.303
194.572
187.645
184.769
188.04
184.545
190.208
189.3
194.274
195.125
192.25
188.576
184.772
187.047
193.048
193.97
193.977
195.685
182.767
195.645
195.923
191.669
192.816
199.756
186.366
189.637
192.606
192.438
195.275
184.049
183.915
182.948
191.601
193.258
182.22
182.713
182.522
182.853
182.413
190.903
192.612
182.409
183.488
182.812
190.886
193.928
182.269
183.834
183.442
182.886
183.651
183.009
183.001
183.652
182.955
183.185
183.491
182.958
