164.634
174.691
175.182
174.653
175.971
175.544
176.412
176.452
176.659
175.639
176.385
176.536
175.827
170.811
175.578
173.773
176.627
174.87
177.981
175.431
164.735
174.632
177.341
176.651
176.161
176.471
176.482
176.844
176.179
175.676
178.012
176.548
166.129
166.246
176.532
175.71
176.096
179.001
174.566
178.17
176.697
176.043
177.427
175.46
175.729
176.65
177.247
175.939
177.528
176.474
176.389
176.999
177.221
176.659
174.269
176.154
178.125
178.548
165.997
178.013
176.712
176.236
175.489
177.329
177.357
175.751
176.301
166.343
166.887
178.385
176.04
178.588
176.42
176.008
166.427
177.29
175.719
174.94
176.992
177.093
178.668
178.103
173.183
174.958
176.295
177.958
174.932
168.948
166.49
177.251
178.266
175.223
177.488
177.721
177.053
177.035
177.739
176.174
176.524
174.065
