199.752
209.326
210.752
211.853
209.533
199.857
209.822
199.487
209.377
200.47
206.878
209.468
208.369
203.992
210.752
202.688
212.892
207.674
208.979
209.119
210.116
210.35
210.089
210.009
209.857
210.901
209.432
210.459
210.836
210.65
210.336
211.837
207.9
209.907
211.603
209.508
209.29
207.887
204.942
201.848
204.408
213.189
211.774
219.699
207.394
210.386
216.357
202.844
219.793
200.52
207.066
216.451
213.723
205.496
200.499
200.496
212.526
210.637
219.307
209.387
215.555
211.686
214.128
220.006
210.81
208.682
211.723
211.231
210.396
218.039
218.672
213.014
213.602
205.789
216.325
202.714
211.195
203.452
203.359
213.12
210.677
199.669
201.464
201.989
201.016
209.914
205.743
215.823
202.675
212.593
207.72
202.123
211.051
208.899
202.144
203.027
206.737
207.105
206.985
211.524
