120.54
111.765
103.339
107.929
108.177
103.728
115.732
115.034
114.17
122.457
125.326
113.527
115.622
122.031
116.075
123.468
125.386
119.915
121.17
123.862
122.228
120.954
140.476
123.881
124.193
125.747
116.791
122.873
126.533
130.977
119.397
124.843
119.694
118.432
131.469
141.594
115.547
123.675
122.465
131.548
126.442
116.506
128.384
129.044
123.722
117.335
122.734
129.952
123.113
121.625
128.574
127.253
118.746
125.075
123.47
122.401
117.12
119.391
119.725
124.149
118.508
118.842
122.703
122.52
121.714
118.134
135.754
117.353
124.185
123.034
123.288
123.082
124.692
121.133
128.866
124.726
125.55
124.187
123.058
120.373
123.239
124.103
121.681
126.304
129.059
119.841
123.563
122.143
125.844
124.209
117.398
124.146
123.909
115.825
130.19
117.535
122.284
115.289
114.126
122.867
