145.453
140.09
139.802
140.668
140.743
140.378
140.524
146.125
156.973
149.059
148.87
149.146
148.952
148.454
148.658
148.827
148.214
161.465
178.719
164.76
148.732
148.82
158.902
157.245
149.995
166.69
157.179
150.913
149.443
150.267
153.679
155.446
154.467
149.378
149.195
159.747
159.108
149.148
148.603
147.105
149.057
149.17
148.492
148.983
149.653
149.227
151.276
149.392
152.65
149.852
149.297
151.755
154.646
154.42
149.955
148.375
148.878
148.488
150.126
149.808
150.842
149.645
150.001
153.755
151.539
150.098
150.484
149.953
149.401
151.468
150.175
152.01
158.642
153.823
150.572
149.614
150.731
150.123
150.121
151.064
151.114
150.156
149.794
151.053
149.846
148.268
155.003
149.372
149.803
151.522
150.953
148.632
150.146
151.104
150.327
151.434
151.959
149.496
151.519
150.965
