177.014
182.908
178.679
182.002
182.626
182.33
184.08
184.352
183.389
182.858
182.968
183.987
182.553
183.645
183.436
182.585
180.654
185.513
184.498
175.853
183.566
180.126
176.329
183.028
184.865
184.761
185.727
185.489
178.845
182.083
185.643
174.829
180.461
180.295
186.739
174.066
173.893
179.701
175.92
188.4
180.722
186.556
181.486
179.008
183.721
179.514
183.209
185.078
181.487
179.118
179.448
177.487
182.418
185.942
187.848
180.248
177.594
185.32
184.956
187.306
189.946
185.26
181.411
183.912
174.326
184.8
186.348
185.443
175.115
184.241
182.188
185.201
184.47
184.249
184.297
184.288
183.411
184.159
184.316
184.048
173.552
186.7
189.378
179.95
186.974
178.847
184.019
174.152
194.869
177.317
176.437
174.884
179.665
183.93
174.706
184.232
172.84
176.74
178.839
184.885
