83.6073
84.1482
87.118
83.5917
82.7414
82.8439
86.4432
98.4291
94.4361
108.929
105.113
99.9588
97.8238
102.948
106.331
106.863
105.566
100.939
99.9191
103.974
103.036
98.7761
103.149
100.273
110.229
106.81
103.354
106.158
104.892
106.48
103.05
108.072
104.758
104.901
110.378
102.233
101.433
98.6671
98.9404
98.2538
96.9088
99.4177
96.4463
96.1842
97.3415
97.5869
103.964
104.097
96.5724
100.372
100.905
107.993
103.282
100.044
105.439
104.56
96.1978
104.73
101.932
96.6605
95.9124
97.0105
96.0928
102.88
95.7955
100.827
101.612
96.7652
97.1435
97.005
106.221
105.577
96.4305
98.6889
97.1146
99.3318
98.4817
98.4372
99.3959
100.479
98.6635
99.4235
99.3065
102.756
104.125
106.155
102.785
98.8887
102.428
103.879
102.028
101.392
97.4425
101.38
106.237
98.4877
97.771
100.859
97.6089
103.76
