58.8503
58.4758
60.9339
60.0619
59.6384
60.058
65.4772
67.6156
68.8769
70.7544
73.6334
76.2194
88.2918
85.1304
100.044
102.652
82.362
72.6537
76.9299
73.5999
73.8858
74.6264
73.3298
75.2656
114.128
103.461
121.647
69.3633
90.8885
103.967
94.2225
83.3287
85.6849
102.587
96.78
97.2054
76.837
74.2858
74.1374
78.5197
103.258
110.515
80.0304
73.5618
74.2269
77.559
78.6766
73.8044
76.8385
77.7135
76.7202
74.009
75.3146
74.7873
72.7245
73.642
84.9293
106.285
89.5441
92.2475
75.132
77.713
87.8301
87.5119
76.0737
91.4839
72.8908
77.0145
77.6555
77.9759
78.1583
78.8762
81.0455
74.2678
74.7634
74.9403
74.1987
89.0576
88.4789
72.695
74.2698
80.8293
77.0242
76.3404
75.6311
76.5998
76.3198
77.9775
76.9384
74.5916
74.3129
76.5581
72.8726
73.1654
118.158
111.475
104.433
81.8826
72.3449
98.2781
