107.696
91.389
96.3971
93.5832
93.6038
91.418
98.0267
111.674
111.303
115.033
111.365
112.066
109.117
110.53
110.423
106.649
110.547
111.39
116.838
124.304
119.846
107.812
114.044
118.505
119.273
109.368
107.925
114.513
111.016
125.825
118.069
109.125
116.229
115.799
107.872
111.598
113.985
116.833
117.615
110.239
107.004
112.141
112.316
111.65
112.654
113.417
112.361
112.168
115.16
115.936
108.256
115.981
106.175
112.476
114.104
107.899
106.537
113.284
112.075
116.973
124.334
106.55
107.35
123.518
106.357
108.146
108.886
109.067
112.15
114.221
107.149
112.387
111.012
113.391
111.4
108.947
124.24
113.71
114.347
105.69
113.648
106.447
108.66
113.423
115.558
108.425
112.235
109.364
112.374
114.878
111.493
113.466
116.118
106.124
115.908
116.841
120.543
106.669
108.307
117.378
