59.562
58.1053
59.9725
59.5071
56.8188
62.7868
68.3989
67.9362
67.9707
71.7252
73.4313
73.9696
85.3631
75.3578
72.3723
75.5194
77.7286
78.0341
82.5512
78.1497
80.4556
75.1705
74.4585
83.1611
90.8322
109.97
108.265
93.818
71.3394
99.4177
113.444
97.2475
78.0664
81.129
111.463
96.2692
78.2962
72.4331
73.3949
79.7956
111.761
114.149
74.7629
72.21
73.9546
74.3049
74.6274
76.1438
100.441
105.486
85.3991
89.1542
74.9665
76.128
76.2694
75.513
79.1633
76.4961
75.214
75.5231
75.2339
74.5748
74.221
75.5636
83.4656
77.3376
75.3413
119.461
88.1585
72.7863
76.1783
85.5906
85.3414
77.3225
90.7069
75.3648
77.6702
76.7774
76.0202
76.685
76.113
77.6698
77.4576
73.9791
75.5202
74.6272
74.8684
115.864
72.0087
78.0601
80.959
90.6247
75.8362
78.1369
75.2079
76.9016
75.9834
73.9276
76.7942
74.9039
