551.661
542.031
548.396
545.281
541.44
545.936
544.844
541.997
545.498
544.618
542.027
541.069
542.018
540.025
540.326
540.259
535.308
454.194
376.379
341.783
327.981
328.005
327.863
327.995
337.3
337.407
328.009
328.241
327.946
328.046
327.861
328.049
327.974
327.982
328.027
327.955
337.729
338.339
328.03
338.581
337.166
328.069
328.057
338.919
337.849
327.926
338.454
335.636
328.046
328.005
328.3
327.874
327.85
327.845
328.27
327.989
327.853
327.821
327.986
328.308
328.101
328.032
328.016
328.08
328.093
327.892
327.989
330.505
338.361
328.189
328.203
328.437
328.045
328.225
328.026
328.451
328.215
335.021
337.945
327.996
328.711
327.98
328.231
327.878
338.16
328.569
328.573
328.687
329.076
328.559
328.507
328.834
328.685
328.575
328.9
328.691
329.14
339.294
329.635
357.613
