538.195
533.54
534.488
535.242
551.216
540.44
549.612
541.97
537.169
534.521
534.413
534.379
534.999
534.388
534.547
534.131
534.209
465.168
384.019
333.144
324.684
324.55
324.628
324.794
324.582
324.08
324.729
324.613
324.694
324.312
324.607
324.496
324.258
324.652
324.675
324.51
324.152
324.523
324.123
324.492
324.375
324.506
324.646
324.761
324.596
324.923
324.679
324.559
324.655
324.706
324.727
324.71
324.708
324.937
324.807
324.748
324.568
324.616
324.854
325.026
324.754
324.915
324.024
324.615
324.202
324.919
324.069
324.83
324.808
324.894
324.67
324.876
324.954
324.87
324.728
324.812
324.741
324.282
324.546
324.421
324.546
324.678
324.622
324.465
324.477
324.049
333.465
335.101
324.675
333.963
334.268
324.251
324.647
324.642
324.829
324.84
324.446
324.29
324.842
324.578
