86.0778
86.1427
86.0302
85.7519
86.5044
85.2094
94.6815
94.9151
105.553
99.852
105.871
111.169
110.007
116.804
101.394
102.098
103.312
114.33
105.084
113.61
101.164
98.3742
103.567
101.291
103.637
104.222
106.438
106.19
107.054
107.737
102.525
105.873
110.229
110.924
112.487
112.88
111.941
111.142
99.0891
103.454
113.033
109.117
112.645
107.356
108.983
99.3786
108.49
108.718
107.98
111.531
103.633
113.655
109.095
105.903
104.693
105.996
100.674
99.195
106.214
104.023
106.149
105.817
108.85
107.479
107.762
105.567
108.16
102.944
100.261
109.203
106.227
105.212
106.661
109.524
108.057
109.739
105.038
103.271
105.455
107.524
106.088
101.448
104.194
101.545
101.582
106.447
96.9085
110.043
105.689
100.051
110.927
101.205
101.92
110.793
100.254
101.722
104.715
101.839
101.667
100.1
