77.0991
67.4086
66.1944
69.2031
66.1614
72.4862
76.4878
80.6135
86.3963
78.8577
86.0846
87.7603
87.1689
83.8134
82.308
88.9733
89.564
88.9303
84.3695
81.7728
87.0948
81.6775
87.4505
79.5661
82.1192
86.4623
83.0317
86.8593
84.9901
83.9312
87.4061
85.9271
85.7383
86.3248
85.6549
81.644
82.6274
85.4612
107.7
96.5527
92.4262
91.6355
83.987
102.308
94.0843
90.1831
86.7523
82.0165
82.7881
82.7182
82.3318
88.7627
111.989
88.151
88.4326
82.3128
91.3612
111.814
85.9586
82.4078
82.7887
83.0395
83.2917
84.3162
83.844
85.3429
85.2887
84.7653
88.1287
83.5409
83.2621
84.5907
83.013
88.2981
85.8043
84.6967
89.0272
86.9417
82.7411
83.62
125.841
125.47
110.223
88.6354
80.9459
83.7776
84.5078
83.838
84.9641
84.4796
84.9846
91.58
84.2593
83.6845
82.009
88.9265
89.2436
86.6344
104.998
83.3666
