104.845
72.7864
71.4168
72.0773
73.5447
92.9084
84.295
91.4232
124.341
118.003
106.893
91.6314
119.098
123.434
118.146
89.2927
99.1872
129.448
114.888
93.9812
92.3968
94.7922
134.023
111.643
97.6013
91.0108
91.7708
90.7354
91.7267
91.6052
92.1269
94.6039
92.2564
90.8286
94.0711
92.5204
94.5636
93.6683
98.2738
91.6323
92.7231
98.5635
106.876
93.6075
107.698
92.1579
96.2412
105.552
93.3511
93.5776
99.2837
93.0549
92.7113
101.228
90.8951
92.4588
118.566
94.3803
93.3931
98.126
90.6826
102.653
96.0905
92.2395
93.5166
98.315
91.1023
92.2451
102.282
100.44
89.9207
93.1409
93.3729
94.2936
91.8334
94.0333
145.47
136.018
120.181
124.04
120.037
96.4183
100.284
121.892
119.006
96.8103
119.696
128.41
121.764
104.277
119.813
124.614
92.4874
92.2104
93.7449
94.2476
93.1228
91.7772
109.142
124.624
