596.443
596.751
597.257
596.766
597.789
596.771
596.971
596.946
596.582
596.806
596.839
596.741
598.086
597.183
598.006
563.728
452.718
379.702
362.48
362.41
362.162
362.813
362.309
362.575
362.18
362.292
362.159
362.656
362.508
362.817
362.351
362.425
362.614
362.628
362.384
363.123
362.571
362.419
371.992
372.575
362.592
362.591
363
362.328
362.38
362.901
362.49
362.44
362.443
362.384
362.308
362.339
362.396
362.56
362.348
362.536
371.038
372.981
373.727
362.294
362.375
362.289
362.369
362.194
362.224
362.238
362.081
361.955
363.445
362.692
362.269
373.742
370.707
372.156
362.131
362.138
372.121
372.369
362.278
362.081
362.133
362.127
362.173
362.223
361.672
363.128
362.311
362.217
362.324
362.153
362.386
361.724
362.462
362.622
362.173
362.254
371.893
372.677
362.809
362.685
