166.822
166.55
170.9
166.299
164.239
162.654
163.781
166.901
164.425
162.198
164.209
168.848
165.264
169.234
169.739
170.406
172.22
172.594
163.407
163.45
163.824
164.651
163.448
163.713
163.976
164.274
163.633
164.04
174.22
164.041
164.354
164.423
174.259
163.3
166.822
163.795
163.957
164.054
164.238
163.935
164.21
163.424
164.016
164.03
163.541
163.926
175.042
174.131
163.822
164.121
173.963
163.88
164.211
164.222
164.041
174.745
163.527
163.787
164.205
173.867
173.406
173.187
173.797
163.578
164.126
164.395
163.727
164.13
164.29
163.631
164.239
164.938
163.624
164.193
164.208
163.51
164.254
164.248
163.803
175.44
163.995
174.579
163.825
164.035
163.985
164.317
164.245
164.092
164.086
164.529
174.834
173.151
163.924
164.34
163.968
164.297
164.128
164.44
164.392
164.195
