115.36
111.219
118.229
116.887
113.374
118.173
119.118
111.54
120.471
120.277
120.213
119.791
119.214
116.788
119.639
117.864
117.929
118.9
121.935
121.623
117.548
119.311
126.222
124.002
120.102
118.776
117.535
121.911
121.836
120.607
117.677
119.473
117.729
119.755
118.33
117.666
121.553
121.955
122.902
120.393
119.067
126.576
124.38
117.684
119.678
121.833
131.882
124.864
135.391
125.557
118.889
129.366
128.252
118.699
117.893
119.521
117.657
119.17
118.321
119.39
119.854
128.879
136.162
123.156
119.076
125.018
132.257
126.238
117.875
119.003
129.324
125.739
125.133
120.051
117.663
126.825
124.45
116.255
118.2
118.277
117.489
116.448
118.728
126.971
127.614
118.925
136.684
120.311
121.834
117.377
120.205
118.997
119.417
119.381
121.291
128.69
126.232
120.558
126.952
126.362
