277.787
277.176
277.319
270.784
273.924
276.831
276.78
278.321
268.847
275.11
268.114
274.667
277.048
277.183
274.222
269.048
273.931
273.207
276.575
269.854
275.354
274.391
268.566
274.993
268.348
268.073
267.723
268.371
268.28
268.47
268.876
268.626
268.789
268.883
251.542
225.062
204.118
187.046
173.411
164.25
163.633
167.919
179.039
179.301
182.706
182.076
180.21
183.871
182.71
188.206
188.247
180.489
182.706
182.248
180.551
183.882
181.963
181.591
182.867
181.754
181.629
182.868
181.987
185.56
189.829
191.037
189.893
189.668
192.109
179.675
174.068
162.335
162.415
163.191
162.527
162.554
162.563
162.572
162.384
162.529
162.327
162.3
162.481
164.015
164.323
163.993
164.184
172.375
162.932
163.292
171.776
163.44
163.985
163.888
163.869
163.897
172.284
174.272
162.287
162.991
