74.282
67.2845
68.0364
67.7797
67.7554
68.7083
75.1961
77.4944
79.8502
82.2081
84.3465
84.1915
84.5259
83.8471
84.6311
83.8546
84.0054
88.6504
87.465
89.2175
82.9616
83.1973
89.8794
85.4981
90.3035
86.7683
86.2632
85.5491
83.8374
85.2233
99.5845
83.9521
83.3655
100.786
88.0937
88.3143
86.365
91.4476
84.7183
88.2706
85.472
84.4792
82.6029
83.2604
82.6549
83.0745
85.0081
83.3804
83.5788
82.8567
82.7439
82.6969
84.7821
99.3809
86.1423
93.0599
84.6872
83.01
88.3383
85.2973
86.464
86.544
86.5865
84.2182
83.5348
84.216
96.3926
93.5077
97.1156
98.8877
91.4512
83.5844
85.4365
105.029
94.6701
96.0165
106.813
83.5532
82.9588
84.7867
98.7999
96.8384
90.7426
89.1907
82.3786
89.4783
89.6999
89.1977
81.04
83.6307
87.0834
87.2617
84.8153
99.8405
85.2839
89.7812
84.5086
85.3005
84.9394
89.9364
