73.4476
58.3387
60.3146
59.7363
57.4254
59.2435
65.3195
68.8419
69.7309
69.7823
71.5136
71.3277
71.8767
72.8366
75.6302
77.4176
79.0021
81.0349
80.4114
74.646
77.5317
78.0119
75.4142
76.6444
82.7026
111.01
80.5861
74.8354
98.1073
76.1863
75.7302
74.0082
90.3108
72.9529
85.0668
99.3103
71.9017
73.2616
79.8704
75.2271
84.5719
81.821
79.8797
71.74
77.97
74.569
75.3852
77.0055
73.497
74.765
72.5216
72.9412
73.8327
74.9118
73.5403
75.3108
74.3007
71.8213
74.8235
74.5112
74.0426
73.2927
75.2629
73.5337
76.6433
72.3624
75.1745
73.9693
76.3363
75.1033
73.592
72.3183
75.6162
75.5363
73.2854
73.9639
75.6596
73.0435
74.0759
74.118
76.0796
72.967
76.1637
73.6877
74.1214
72.5411
75.396
73.4145
75.2633
73.1006
75.5554
72.5327
73.1411
75.1487
73.7363
74.9343
73.7652
76.8714
71.5245
72.7115
