67.9014
60.6067
63.3859
76.9889
61.972
97.9018
102.142
102.633
84.8617
75.5651
113.407
101.333
102.067
76.7275
80.4213
113.218
119.502
109.153
76.5246
77.9357
78.0245
77.7252
79.1302
79.5483
78.084
77.9598
78.3288
77.6611
79.9642
79.6529
77.5808
77.4335
78.3457
78.2201
83.6296
100.808
129.211
115.112
96.4046
81.2305
100.33
77.9273
85.0793
116.126
76.1998
82.2922
77.0566
77.2061
78.4962
80.095
78.209
80.9296
76.6639
76.8759
78.5525
77.6125
77.3986
77.8954
92.1462
79.0458
77.9099
79.6637
80.1977
83.1759
82.0213
79.3774
85.6624
78.9517
79.325
79.2887
81.4661
80.9303
79.5839
79.0308
79.2349
77.2885
79.3634
80.7184
76.1924
107.788
77.6847
78.4221
81.7843
77.7391
82.387
79.0766
84.6015
81.4881
81.8609
81.9789
78.1407
82.6377
79.2781
77.4227
81.7929
88.813
78.3243
80.21
83.5315
82.0565
