75.774
74.8943
73.4572
73.5924
74.1454
80.3468
87.7326
88.3535
90.1058
88.8621
91.1523
92.3228
90.0671
91.5398
101.661
93.0611
90.3251
90.3909
96.3075
91.5893
98.583
94.5323
95.7244
95.5701
96.1783
94.8924
95.3863
95.6154
91.7078
97.5458
99.5646
95.8905
98.8696
90.0807
102.556
95.1833
99.3908
100.687
93.8181
91.6307
93.5672
104.998
107.326
95.1877
93.9299
97.6456
93.2656
97.0349
94.8826
92.3038
92.2521
100.395
92.5307
98.8587
107.452
115.01
105.912
103.566
94.8676
90.8128
94.7986
101.781
117.455
93.1316
93.2678
94.5466
93.8602
95.0925
95.969
92.9795
121.403
114.086
99.5064
91.8865
91.0761
94.4312
98.3446
92.5761
94.4571
107.466
108.576
106.199
95.4968
92.7238
116.306
110.118
90.4684
94.5881
92.6641
94.9853
91.6977
95.5355
98.5999
97.8214
91.5146
97.173
96.2627
91.7861
96.02
91.5124
