94.4037
88.9178
88.4363
92.8385
88.8322
93.5257
102.15
96.8904
98.2291
108.773
98.1847
101.28
102.185
100.667
104.882
103.247
107.875
104.69
107.181
105.975
107.604
105.533
110.812
115.431
107.678
113.831
102.172
111.246
109.159
108.958
111.524
112.653
112.655
112.454
116.84
100.595
105.868
113.328
109.604
104.125
112.087
115.369
114.139
105.796
101.936
112.237
112.353
110.309
104.246
109.859
114.944
102.579
111.356
99.7071
110.233
110.488
103.918
102.472
110.116
110.49
109.836
110.447
108.198
103.198
102.399
112.36
112.544
108.502
102.828
101.216
103.46
105.019
109.783
113.705
103.001
105.046
104.866
103.68
104.348
105.974
109.541
101.89
100.577
108.779
108.871
108.311
100.943
109.043
108.432
108.134
102.56
107.123
102.39
106.717
103.245
109.562
103.484
106.482
108.559
103.876
