110.974
109.623
109.566
119.006
110.208
109.626
109.563
119.265
112.566
118.417
118.982
128.389
116.369
127.227
126.933
117.678
117.522
118.733
127.599
118.611
119.652
127.679
117.598
118.462
118.843
117.962
118.606
121.509
118.913
118.449
119.82
125.699
118.432
118.841
118.139
119.661
119.276
119.138
117.936
118.911
119.351
118.954
117.997
118.664
119.38
118.827
118.873
118.582
120.376
120.931
128.996
120.371
119.847
120.334
120.043
119.366
120.045
120.762
120.282
119.139
119.62
120.399
120.319
119.367
119.354
119.95
120.069
120.008
119.044
120.422
119.993
119.796
119.237
126.985
118.194
119.049
118.848
118.742
118.918
127.815
118.905
119.209
119.526
120.087
119.459
119.476
119.545
120.087
119.644
118.866
119.814
119.728
129.103
117.591
118.924
119.358
118.914
127.912
117.672
119.137
