77.2113
77.9113
69.1052
74.4123
78.7159
72.8321
76.8125
80.4087
82.2631
83.0128
85.3681
86.4467
87.1789
87.8874
86.3325
86.0452
87.5313
86.9533
87.1432
87.4099
86.4224
86.2554
90.3955
89.9399
90.5926
90.3831
89.1985
89.6202
91.5344
90.3881
89.2004
91.0633
91.3665
103.989
100.39
96.2609
107.29
104.034
96.1824
92.6933
91.6491
111.481
95.0054
103.777
90.9618
97.4639
106.94
92.6977
88.627
89.4785
92.8032
96.3976
86.4189
114.287
105.199
97.7651
87.6052
88.9051
92.0455
90.3747
89.8307
88.3889
90.3263
86.9075
88.8018
93.1249
87.8338
90.8742
89.1096
91.3475
87.6229
94.0988
99.1916
86.3525
96.3198
103.364
91.2181
100.268
88.4934
89.9458
102.566
95.8613
94.4253
90.2018
91.5194
90.4908
89.4237
91.4667
90.374
92.3343
89.4734
88.9999
92.53
96.0574
88.8407
90.2635
89.091
88.7206
88.3669
89.026
