85.0528
84.6667
84.8576
88.5514
92.7286
84.9197
97.2421
101.527
104.836
104.574
104.277
97.4281
107.345
106.451
104.385
105.997
105.712
104.589
100.525
105.733
97.5695
99.6935
105.872
102.45
104.23
103.107
109.593
121.688
108.535
108.323
100.173
109.756
105.217
102.877
98.5902
103.963
112.474
101.56
98.6213
97.2096
107.388
103.459
103.971
102.32
102.613
100.006
100.069
106.917
105.06
98.238
99.4585
101.123
99.8268
102.382
105.67
96.2308
106.104
104.999
105.156
94.1971
99.0606
106.67
106.417
99.9354
97.4121
104.953
106.343
105.588
99.9604
100.865
106.32
99.0336
106.105
105.065
105.167
100.001
106.229
96.7102
99.6966
103.329
98.1027
101.652
99.16
102.787
102.38
99.1371
100.268
99.9316
103.38
106.073
102.52
103.821
100.919
108.027
99.1085
98.0719
108.933
99.9753
107.118
97.5195
