111.731
111.724
111.414
119.317
117.958
111.61
111.396
111.706
118.055
119.801
121.312
122.707
125.495
125.663
117.497
118.237
119.472
117.301
119.421
118.312
120.607
118.769
119.67
122.208
127.389
125.566
117.572
119.71
120.625
117.713
118.007
123.626
124.852
122.316
126.04
120.104
118.431
119.557
119.072
118.332
119.89
119.457
121.509
120.502
122.452
146.153
124.167
120.515
127.077
131.955
119.218
119.36
118.698
124.712
118.889
121.404
123.062
119.48
120.364
118.435
121.516
119.766
131.349
120.469
120.47
117.291
117.678
118.505
116.9
117.982
118.738
119.668
117.456
118.032
118.204
120.133
126.397
127.423
118.299
128.068
124.486
116.959
117.793
122.039
120.847
119.939
126.536
122.047
126.955
126.482
120.266
144.802
118.332
118.056
118.472
121.648
121.874
122.069
121.623
121.246
