84.2444
87.5843
87.3983
81.9538
81.6585
85.5853
91.9261
100.477
103.614
106.53
100.143
104.87
97.0154
97.0999
102.54
94.601
101.57
95.2047
95.592
94.1421
95.8717
95.3734
104.185
102.005
93.063
96.121
102.332
103.259
94.3614
102.193
94.3382
96.3316
96.3907
96.5194
103.589
102.308
102.774
96.0003
105.179
105.026
106.723
103.322
96.6338
97.1348
101.35
97.2161
96.4026
102.714
104.137
95.3826
111.208
114.117
119.086
138.528
95.6379
105.868
105.735
106.985
105.606
103.797
104.974
111.126
114.149
114.162
107.12
106.927
106.794
120.956
104.34
105.717
96.2292
105.98
106.005
102.28
102.428
97.822
98.4166
104.844
104.437
102.15
94.7571
104.304
95.6865
105.313
108.701
100.759
97.2092
95.867
104.391
97.905
103.052
106.859
99.1909
102.062
101.231
98.7807
104.27
104.359
95.4547
95.4266
