534.289
533.937
533.894
535.011
533.852
533.869
533.97
533.956
533.918
533.96
533.906
533.957
533.976
533.921
541.093
534.285
533.92
477.749
387.901
344.234
324.232
324.136
324.116
324.217
324.181
324.219
324.301
324.176
324.187
324.275
324.247
324.265
324.28
324.267
324.173
324.215
324.178
324.088
324.084
324.2
331.32
324.403
324.369
324.406
324.154
324.324
324.376
324.435
333.857
334.815
324.724
324.684
334.793
335.025
324.656
324.759
324.58
324.733
324.823
324.719
324.571
324.818
324.632
324.639
324.881
324.803
324.637
324.691
324.81
324.707
324.817
334.27
324.2
334.882
333.36
333.018
333.924
324.315
334.219
334.665
324.83
324.72
324.851
324.718
324.692
324.689
324.611
324.752
324.845
324.572
324.726
324.801
324.707
324.852
324.691
324.659
324.715
324.696
324.713
324.891
