170.474
162.306
162.303
162.3
169.134
173.745
162.35
162.328
172.06
162.343
162.321
173.434
162.351
172.984
162.343
172.792
162.296
162.986
162.325
171.435
174.953
163.055
172.532
173.359
174.064
163.768
172.284
173.74
163.909
173.081
174.073
163.255
172.589
174.122
163.86
163.955
173.935
163.718
163.991
172.182
174.296
164.049
164.191
173.352
164.162
171.548
173.578
164.101
164.283
173.727
164.088
164.503
172.999
173.204
164.381
164.026
163.995
164.231
174.421
172.984
163.971
164.865
164.454
173.544
163.434
163.999
172.611
174.596
163.555
174.106
174.4
163.507
173.983
164.69
164.277
172.091
174.307
164.275
172.826
174.116
164.55
172.396
176.097
164.121
164.567
164.18
173.188
175.287
163.692
172.808
174.51
172.136
174.581
173.152
174.649
164.681
173.338
174.612
164.52
174.378
