122.405
112.133
120.968
112.223
112.616
122.042
112.446
113.493
121.748
122.157
122.099
122.031
122.221
122.001
122.75
121.37
130.494
122.046
122.624
129.603
120.836
130.396
121.358
122.091
122.307
122.298
122.583
122.314
121.976
122.413
122.614
122.691
121.834
122.536
122.788
122.673
121.702
122.531
122.767
122.484
121.911
122.49
122.96
122.652
122.038
122.274
123.01
122.602
122.36
121.852
122.865
124.195
122.811
121.921
123.159
123.034
122.898
121.807
122.992
123.062
122.718
122.178
123.195
122.979
122.607
122.213
122.853
122.916
122.749
122.14
122.695
123.117
122.78
122.452
122.746
122.94
130.622
122.024
123.361
122.698
122.698
122.582
122.18
122.837
122.669
122.671
122.478
122.721
122.719
122.501
122.606
122.644
122.849
122.601
122.667
130.449
128.576
121.717
123.219
122.588
