173.466
173.958
178.359
177.219
176.512
174.746
175.647
167.012
175.997
175.061
176.597
173.153
168.45
170.92
176.24
177.512
176.057
167.331
168.555
168.293
179.013
166.968
166.864
167.527
166.885
167.107
166.855
166.944
166.567
166.893
167.161
166.822
166.648
167.044
166.863
166.682
166.736
166.602
167.136
167.331
179.022
173.705
177.121
167.289
177.117
168.712
167.997
167.247
167.008
167.059
167.241
167.113
167.187
167.327
167.127
167.077
175.213
176.02
179.426
177.602
166.97
178.324
166.424
167.061
167.323
166.654
166.822
177.144
166.102
166.858
167.298
166.456
166.975
167.319
166.55
166.998
167.542
166.587
166.806
167.213
166.886
167.147
167.453
166.903
176.754
166.715
166.704
166.491
178.247
166.588
166.722
167.457
166.912
166.637
167.576
167.005
177.359
167.496
167.417
172.924
