74.6448
69.468
69.2705
68.3252
68.8176
69.2722
81.0417
85.7192
78.6324
81.3799
82.599
89.9868
85.0671
82.8029
94.4917
83.2576
84.2373
87.8842
87.7831
86.4273
86.2787
84.1354
99.2451
84.9391
102.041
94.5556
89.6065
84.2987
91.2413
97.845
91.9483
93.0369
92.7655
100.369
93.3822
88.2617
91.1511
99.4401
98.6227
88.1548
94.2441
101.621
96.3334
104.707
90.0478
82.9823
83.5134
88.4931
86.2528
86.2064
86.3331
86.2287
85.1942
84.3508
83.2824
85.064
83.7834
85.0055
104.323
87.3405
105.907
92.7577
90.26
83.4527
94.8171
90.3274
90.2399
88.425
85.7143
86.0244
83.6867
88.4792
84.3967
87.7944
84.4976
85.9841
108.146
89.0342
86.352
92.1138
91.3912
82.6288
82.8112
84.2311
85.663
98.3392
84.4059
83.8547
84.0213
83.8104
83.9079
86.7439
87.6423
85.4323
86.2387
86.3096
86.3695
85.6984
85.8363
84.8507
