67.3922
65.2202
66.2461
67.6618
69.3096
69.7772
77.2202
83.359
78.9022
79.097
84.2162
89.8335
85.8732
93.3431
99.7236
93.3937
91.3334
83.316
88.6589
81.4276
88.1619
87.3041
81.935
90.4403
85.5575
86.8197
81.2996
90.8885
98.7913
88.9284
86.7152
81.8178
90.0324
105.518
100.931
88.9272
83.564
82.978
87.227
103.285
90.5835
84.5787
83.676
81.1002
90.041
89.8793
88.2166
90.0178
88.8377
88.0973
89.0048
90.1639
89.8001
80.8743
87.9004
86.2582
89.1994
88.5505
82.6457
88.3697
90.348
86.4688
81.0913
89.3344
81.555
91.0747
90.4265
103.634
96.1843
98.2296
93.1393
89.1675
84.0434
82.7913
86.3249
92.8404
92.8185
94.2587
93.6754
85.9225
88.2381
83.6516
86.5138
92.9048
89.6995
89.3172
90.4907
88.4427
101.182
103.671
102.165
101.731
86.849
109.112
92.9239
92.2664
83.9113
82.4741
89.2235
90.1539
