123.299
126.848
126.487
126.809
123.564
130.337
132.631
128.972
132.609
132.722
145.535
139.25
134.515
134.951
141.514
141.698
137.107
131.085
132.139
131.48
132.646
131.941
133.221
132.342
131.493
132.075
131.563
133.504
131.876
131.495
131.458
131.966
138.402
139.305
136.677
139.676
129.711
133.31
131.026
131.586
129.871
130.91
131.7
131.833
130.338
138.872
133.069
131.257
130.762
131.879
131.662
138.479
131.691
131.629
131.607
130.863
130.779
139.049
131.005
130.758
132.754
131.537
133.565
130.679
132.677
132.373
130.952
130.799
131.543
131.292
131.26
130.657
131.763
131.245
137.56
130.46
133.061
132.195
132.963
131.883
132.857
142.288
131.843
132.027
132.624
135.579
130.822
132.285
132.432
131.515
131.551
131.848
132.319
132.064
131.55
131.948
132.218
133.344
132.367
133.138
