66.7051
65.781
66.4489
65.0037
64.0088
82.6239
70.9485
100.02
138.038
105.248
86.5768
111.087
132.193
128.653
81.5474
84.5647
122.743
88.5361
113.467
97.5209
79.6979
81.9173
103.217
124.698
109.947
84.8078
82.1105
84.4605
105.964
102.868
100.236
105.358
90.0974
93.8712
127.079
98.6527
96.3513
83.8442
83.8422
80.6591
81.4042
82.7973
85.1483
84.6935
93.3402
82.2573
90.82
82.8837
85.4179
86.7288
82.9242
80.9321
81.7545
82.3605
99.673
79.8492
91.3901
77.5586
82.7079
81.7103
82.2867
81.8074
81.7975
82.0315
93.3071
79.7983
90.3388
82.6651
85.1516
84.0484
81.3254
83.5374
85.942
83.0391
94.1312
80.3786
82.9613
82.4343
102.959
81.6797
101.646
90.85
83.7014
105.961
79.6034
83.3294
90.9659
85.8228
88.1888
82.4686
83.0648
83.5341
94.9524
78.6574
101.525
93.0733
80.8641
82.9675
81.6627
82.0898
