550.01
549.83
549.66
549.976
549.759
549.676
550.079
549.928
549.751
550.018
549.553
549.933
549.696
549.363
554.589
549.64
526.184
437.309
361.004
343.803
333.729
333.88
333.712
333.72
344.628
343.189
334.071
333.946
333.764
333.798
333.86
334.026
334.307
333.77
333.788
343.28
334.083
333.84
333.901
334.031
334.047
333.971
333.962
333.673
333.763
334.099
334.061
333.877
334.034
334.01
333.876
333.282
333.784
333.853
333.765
333.71
333.756
333.883
333.741
333.75
333.823
333.992
333.808
333.934
333.717
333.927
333.749
333.77
333.787
333.824
333.864
333.68
333.762
333.891
333.919
343.633
333.876
333.783
333.881
333.867
333.644
343.214
344.012
334.109
333.996
333.841
334.198
333.95
334.044
333.914
333.969
333.754
333.928
334.139
333.836
334.061
333.993
333.973
333.831
333.929
