88.6421
82.4067
83.1512
82.8142
82.947
90.8558
94.6541
96.1852
98.9343
99.3146
105.012
98.9077
99.561
103.234
109.761
108.139
107.119
100.256
100.672
124.686
112.07
101.963
100.807
106.223
111.301
119.797
123.542
108.126
108.285
102.307
127.504
120.798
102.975
110.661
124.258
116.467
101.662
103.174
101.778
99.8973
102.326
103.47
104.985
101.22
98.8684
103.233
124.05
98.5245
99.0995
103.901
104.627
107.536
123.275
99.7436
100.258
100.419
102.325
101.686
115.162
105.217
100.018
108.415
99.862
105.422
121.913
106.599
112.056
99.4009
98.9835
118.822
108.539
107.002
105.131
101.704
103.656
102.54
102.379
101.677
102.48
102.542
106.239
102.605
103.875
102.975
103.76
100.971
106.381
98.9704
111.544
107.548
100.252
103.114
103.388
104.684
102.91
104.883
102.664
103.265
99.7832
101.289
