111.619
115.428
108.996
108.775
109.266
108.538
108.494
112.557
117.621
117.632
118.136
118.732
119.584
119.044
133.008
122.147
121.289
122.899
122.448
118.96
119.904
126.955
122.137
119.616
117.944
118.871
118.777
122.252
119.978
122.319
120.047
129.45
116.701
119.706
126.18
119.837
123.977
122.051
120.884
122.561
120.271
117.779
118.839
121.239
118.934
123.107
118.798
117.642
118.653
117.761
117.636
117.896
118.871
117.653
117.997
116.898
118.131
117.853
119.816
122.755
122.846
122.835
122.094
120.506
128.057
119.019
119.733
118.319
118.296
126.442
118.803
120.193
119.573
119.478
121.809
122.215
122.269
128.309
122.125
125.051
125.269
118.88
122.53
119.845
121.106
123.461
126.216
127.16
122.506
119.676
124.133
129.544
126.75
126.462
117.731
119.251
118.643
118.406
119.836
119.672
