81.5819
82.1314
82.7589
91.1253
89.6089
92.8356
110.242
98.2453
95.1671
99.3619
105.137
106.744
100.042
98.9502
108.079
105.08
100.292
95.8232
103.014
104.056
103.63
96.5996
102.367
94.257
102.838
96.0729
96.5107
99.5762
120.71
102.629
98.6396
111.242
101.489
98.233
106.031
96.0212
106.378
104.109
105.906
104.97
103.237
101.059
97.5638
98.4387
105.529
97.9972
97.1097
104.555
96.0554
107.894
101.772
99.2317
99.4994
97.9367
107.122
108.244
99.6504
104.82
103.455
99.4286
102.661
103.631
102.255
102.996
102.331
109.355
97.1259
95.6648
96.8003
99.3751
103.539
103.138
101.404
104.503
101.332
96.7552
95.5077
103.202
98.7477
95.9757
96.4607
103.369
97.0044
96.9494
95.7808
105.721
104.042
108.545
104.56
102.714
98.3501
111.439
107.952
104.469
99.4673
102.223
102.705
102.211
110.036
111.044
