129.122
126.118
125.464
127.192
132.757
140.299
144.176
154.512
146.976
150.706
147.985
151.904
152.725
161.369
149.843
147.672
149.082
147.186
147.113
147.15
145.925
147.176
146.313
147.05
147.428
145.383
147.221
146.831
146.772
147.175
146.761
147.179
146.099
147.373
147.505
145.499
147.27
147.048
146.859
147.576
146.33
147.473
146.522
146.756
147.753
145.827
147.388
147.231
146.8
147.39
146.497
147.5
146.743
146.701
147.804
145.839
147.245
147.433
148.295
147.83
146.438
147.443
147.216
146.247
147.921
146.01
147.007
140.91
147.037
147.47
147.336
147.324
145.984
146.829
147.371
145.797
146.98
147.711
146.298
147.93
147.016
147.406
147.1
145.958
148.028
146.277
147.267
147.567
145.794
147.14
147.233
146.812
147.4
145.817
147.829
147.083
146.512
147.849
146.374
147.282
