4026.58
3877.83
2990.96
2464.41
2443.56
2534.42
2628.11
2486.43
2492.32
2560.67
2509.76
2507.83
2502.27
2528.69
2526.33
2527.43
2653.28
2594.26
2593.04
2429.43
2510.59
2455.94
2629.24
2602.49
2734.62
2541.92
2545.77
2653.67
2474.48
2695.94
2683.24
2650.67
2750.69
2635.83
2612.66
2613.03
2599.13
2574.54
2486.94
2443.15
2538.48
2560.75
2641.25
2561.33
2599.47
2668.85
2070.36
2535.19
2716.19
2644.9
2458.74
2105.88
2643.77
2755.42
2411.39
2658.99
2717.45
2663.44
2561.27
2612.57
2645.82
2691.94
2638.22
2743.27
2676.17
2557.35
2615.38
2554.52
2700.01
2686.06
2632.7
2698.44
2705.84
2614.89
2694.91
2677.33
2604.03
2670.98
2734.85
2656.87
2724.53
2722.78
2668.15
2620.27
2636.67
2647.01
2578.05
2548.71
2626.97
2591.8
2598.72
2553.67
2546.38
2542.25
2545.67
2564.72
2568.73
2554.78
2567.19
2557.65
