479.304
478.42
443.09
348.041
344.105
341.037
336.467
354.066
344.651
336.401
340.258
336.179
341.2
336.816
333.753
333.642
333.923
333.662
333.731
333.462
333.461
333.684
333.64
333.314
333.678
321.887
287.224
262.515
244.06
275.113
278.276
278.096
278.755
279.022
279.47
279.672
279.402
280.077
280.668
279.181
279.121
280.858
278.732
281.784
278.438
280.462
281.046
280.262
279.276
278.994
281.509
279.528
282.703
278.442
281.113
278.356
280.859
281.944
280.666
280.122
280.719
281.161
279.433
281.091
278.897
282.562
272.636
279.75
280.298
280.734
280.801
278.965
281.101
281.477
278.947
278.927
284.121
280.079
282.501
279.53
282.04
281.592
280.678
281.917
279.829
281.878
279.855
281.598
281.849
282.231
283.245
281.334
281.021
279.605
280.422
279.768
280.738
278.956
281.029
279.672
