3071.41
3054
1775.31
3100.93
3202.45
3195.88
3194.34
3185.58
3107.05
3131.05
3107.44
3097
3094.04
3124.09
3138.46
3142.46
3136.53
3139.77
3144.1
3140.29
3137.78
3081.13
3113.59
3135.65
3094.96
3014.04
3165.62
3167.7
3095.16
3093.76
2941.54
3123.95
3174.41
3195.69
3106.17
3106.62
3127.33
3105.32
3078.7
3126.74
3127.36
2987.41
2887.48
3225.07
3180.46
3012.3
3140.25
3140.71
3140.27
3139.35
3086
3114.65
3177.57
3018.13
2300.48
2705.85
2825.65
3043.56
3171.23
2570.97
2672.91
2485.97
3169.43
3183.09
3173.82
3188.33
3114.38
3110.4
3084.93
3092.01
3097.59
2983.48
3146.64
3122
3128.82
3227.12
3163.69
3273.6
3177.33
3192.69
3194.35
3190.97
3200.69
3201.93
3162.61
3148.39
3142.82
3030.08
3178.52
2975.84
3103.08
3069.47
3009.34
2828.78
2763.16
2639.07
2969.23
3080.87
3061.46
3181.53
