613.955
623.143
636.254
624.31
622.776
613.516
613.675
616.86
616.109
621.063
614.229
614.436
614.501
614.542
614.557
623.628
614.169
623.368
613.794
613.794
613.788
614.119
613.512
613.694
613.679
613.371
613.53
613.231
614.179
613.997
613.522
613.758
613.544
613.596
613.698
613.629
614.196
613.611
613.479
613.623
613.588
613.99
613.545
613.541
613.938
614.008
613.671
613.575
613.479
613.513
614.468
615.241
622.815
614.09
613.845
624.229
624.244
622.913
623.275
615.505
618.462
619.776
625.345
616.516
621.024
613.316
613.394
623.996
623.471
613.899
614.209
614.484
614.141
614.514
614.302
613.982
614.209
614.627
614.02
613.86
614.34
613.832
613.928
613.822
614.266
613.843
614.212
613.984
614.258
614.466
621.502
624.104
623.522
613.266
613.755
613.787
613.573
615.393
625.007
614.753
