965.379
971.463
962.27
972.846
962.037
1114.53
961.203
961.549
961.906
962.036
960.913
1095.24
961.412
961.468
1103.56
961.551
961.155
968.046
970.88
961.124
961.195
960.922
960.85
963.195
969.783
960.933
960.168
960.69
960.553
962.29
960.93
992.524
961.799
961.784
961.879
960.906
970.95
961.002
971.829
962.71
1105.88
962.475
970.658
962.142
962.55
1095.72
969.331
971.262
1049.29
961.266
990.402
976.863
973.747
964.161
960.845
960.923
961.242
961.229
960.98
973.066
961.761
960.114
968.902
966.105
969.802
969.628
964.498
971.299
961.029
961.088
960.781
960.938
961.176
961.25
961.039
960.444
1301.6
961.103
961.213
961.274
963.398
961.093
961.048
961.34
956.344
961.208
961.122
961.04
974.161
972.155
971.558
1122.97
970.008
965.143
970.442
981.078
960.584
960.523
961.377
960.632
