1822.53
1705.29
1760.1
1699.64
1688.26
1318.83
971.669
1069.59
1031.98
1031.72
1033.34
1031.98
1031.92
1035.38
1032.97
1032.29
1032.59
1035.43
1027.66
1029.2
1026.3
1036.22
1031.63
1026.43
1030.15
1031.69
1036.33
1022.65
1033.83
1021.21
1017.33
1033.11
1025.22
1021.98
1040.03
1031.31
1029.84
1033.69
1028.97
1050.54
1031.97
1021.53
1018.92
1031.52
1038.63
1035.53
1014.09
1033.96
1024.36
1024.15
1026.28
1022.13
1029.16
1027.57
1036.22
1031.11
1041.11
1030.68
1035.69
1034.26
1036.72
1035.76
1046.9
1033.03
1032.09
1033.79
1038.4
1037.44
1036.52
1026.42
1033.06
1025.25
1033.75
1031.64
1045.49
1024.27
1032.96
1024.15
1023.11
1035.3
1033.75
1034.86
1031.01
1023.45
1022.02
1023.67
1023.72
1033.77
1026.31
1039.54
1041.97
1040.63
1043.24
1044.17
1046.63
1050.81
1033.06
1026.68
1020.07
1026.8
