208.692
208.941
206.259
204.824
205.096
207.114
214.715
217.066
213.234
214.255
213.464
220.755
216.659
214.476
214.874
218.875
221.682
220.21
218.645
214.839
224.188
215.762
222.984
223.722
228.914
225.624
216.513
223.634
220.741
221.318
217.087
219.722
218.519
216.736
212.93
213.58
212.836
213.413
213.27
213.557
213.134
216.625
213.182
213.303
213.56
214.819
218.913
214.856
234.693
248.453
223.159
215.75
234.208
220.8
218.158
225.107
234.264
236.967
233.884
215.126
216.452
223.94
220.786
220.302
228.196
229.834
222.932
215.693
213.601
214.775
214.014
215.163
221.043
217.76
215.006
213.833
214.992
213.688
214.569
214.098
214.137
214.238
214.398
214.587
214.65
215.051
214.341
214.849
214.49
214.544
214.736
215.136
214.658
214.767
217.648
215.643
215.012
215.067
215.843
227.149
