2162.95
2016.08
2001
2012.17
1646.14
1356.29
1386.41
1394.92
1399.19
1394.23
1390.44
1396.35
1365.53
1360.25
1372.94
1360.19
1366.76
1360.74
1391.42
1377.66
1381.64
1376.4
1385.19
1375.39
1387.08
1376.95
1386.48
1382.76
1381.16
1377.1
1387.75
1378.7
1388.05
1378.94
1382.37
1365.87
1375.73
1366.18
1377.2
1372.02
1378.56
1359.69
1367.64
1378.54
1369.76
1375.85
1367.91
1378.6
1409.64
1405.52
1414.75
1415.84
1432.46
1422.89
1421.41
1502.16
1375.31
1486.59
1415.36
1405.64
1414.62
1442.28
1410.67
1487.04
1460.61
1467.36
1369.24
1478.8
1401.02
1410.73
1417.44
1398.69
1402.66
1398.62
1485.11
1442.8
1447.62
1446.14
1377.22
1446.91
1434.69
1369.44
1424.73
1434.54
1446.94
1428.82
1417.27
1427.7
1393.95
1437.45
1483.4
1455
1420.8
1372.97
1394.83
1391.73
1433.96
1455.01
1404.52
1406.39
