315.076
312.351
311.044
317.243
310.29
315.151
312.229
311.194
310.311
310.335
315.867
315.771
310.503
310.681
310.307
315.487
310.19
310.469
310.791
310.839
310.374
316.033
310.36
310.588
314.969
316.302
310.65
310.521
310.518
310.617
310.597
310.476
310.566
310.601
310.451
310.333
310.418
310.502
310.429
310.42
310.539
310.52
310.469
310.406
310.468
310.602
310.355
310.545
310.435
310.417
310.437
310.559
310.41
311.112
316.108
310.517
310.447
310.321
310.649
310.601
310.455
310.729
310.569
316.591
310.672
315.533
310.236
310.325
310.425
316.858
310.247
310.362
310.599
310.308
310
310.145
310.275
310.563
310.386
310.592
310.229
310.786
310.383
310.307
310.208
310.188
310.181
310.647
310.117
310.323
310.471
310.246
310.402
310.236
310.281
310.247
310.59
315.194
315.875
310.43
