2422.81
2260.94
2184.16
2171.8
1542.36
1436.39
1437.05
1444.95
1445.3
1447.03
1451.4
1449.28
1446.99
1444.36
1445.68
1450.22
1451.48
1449.14
1448.36
1450.31
1444.43
1444.64
1445.62
1444.47
1452.85
1444.87
1425.17
1452.24
1452.81
1452.97
1453.56
1452.28
1453.81
1451.17
1452.73
1453.89
1460.42
1472.72
1510.79
1459.6
1463.34
1470.78
1559.45
1466.28
1454.37
1505.13
1509.99
1450.04
1471.52
1450.77
1451
1442.16
1439.55
1434.33
1437.58
1442.58
1454.18
1445.66
1445.25
1450.08
1474.3
1443.83
1443.94
1443.64
1446.58
1445.87
1446.34
1443.73
1457.6
1446.67
1451.38
1446.38
1446.78
1448.77
1449.42
1450
1450.62
1448.44
1445.79
1449.47
1450.11
1447.67
1453.03
1447.63
1452.05
1450.39
1449.75
1450.58
1452.99
1455.2
1458.8
1452.07
1449.91
1443.35
1446.74
1444.21
1442.75
1445.12
1447.97
1445.59
