3007.71
2924.27
2836
2082.43
1920.24
1883.4
1867.6
1881.47
1883.53
1896.1
2043.44
1918.19
1953.19
1934.96
1890.92
1884.67
1888.49
1887.8
1896.53
1997.65
1874.66
1900.13
1896.99
1925.31
1931.04
2035.44
1896.85
1894.92
1899.24
1893.43
1897.68
1891.86
1897.35
1891.57
1899.74
1929.12
2023.9
2059.18
1899.66
1900.36
1879.06
1897.06
1898.12
1899.26
1896.93
1896.66
1899.29
1900.47
1898.11
1902.68
1983.82
1945.6
1901.03
1900.49
1922.56
1898.51
1901.84
1904.47
1911.66
1904.9
1902.88
1903.37
1905.04
1905.24
1904.95
1909.78
1905.87
1906.64
1908.51
1906.82
1908.28
1904.1
1904.74
1902.2
1902.76
1903.67
1901.38
1900.96
1904.13
1904.2
1888.18
1911.28
1902.67
1913.29
1906.68
1906.29
1908.5
1906.04
1906.18
1901.03
1901.61
1905.73
1899.07
1903.16
1902.17
1902.14
1904.37
1904.26
1902.69
1902.25
