2444.6
2422.72
2358.94
2426.86
2462.7
2507.54
2119.91
2468.25
2420.35
2418.03
2443.95
2420.41
2443.64
2419.88
2443.25
2419.52
2404.11
2353.73
2345.36
2389.36
2392.61
2376.91
2376.69
2454.56
2416.63
2166.85
2351.67
2407.07
2510.77
2367.42
2285.12
2353.13
2350.65
2442.43
2448.67
2276.58
2385.71
2446.65
2355.45
2373.05
2236.65
2398.49
2428.43
2424.41
2443.07
2435.16
2244.31
2444.78
2421.82
2418.89
2403.26
2470.13
2305.92
2399.85
2417.53
2502.96
2157.63
2295.66
2386.27
2521.43
2467.77
2470.77
2536.35
2441.39
2438.96
2487.96
2537.81
2360.76
2164.52
2514.04
2446.24
2422.09
2394.08
2399.59
2403.66
2391.93
2448.82
2346.77
2431.26
2427.42
2396.19
2397.58
2371.85
2382.79
2392.51
2419.7
2411.27
2428.5
2402.63
2332.13
2479.36
2390.65
2324.08
2280.49
2449.96
2387.23
2421.67
2375.71
2339.88
2335.42
