156.733
158.062
157.691
158.026
158.024
161.058
171.543
172.578
172.141
172.605
172.429
174.662
172.509
173.459
172.522
172.704
172.717
172.629
173.108
173.06
171.347
172.288
173.382
173.872
172.86
172.87
174.861
172.392
173.603
172.67
173.158
173.421
172.765
174.018
173.866
175.502
174.217
173.283
173.54
174.089
186.148
184.995
171.85
173.59
172.548
180.181
186.07
174.302
173.14
173.301
174.037
182.341
186.073
187.455
178.932
171.483
181.114
187.845
185.014
174.313
173.348
173.973
182.215
187.911
176.931
174.252
186.356
179.434
176.629
183.246
176.636
172.681
175.292
179.939
181.148
172.494
173.686
174.895
173.632
174.097
174.883
176.088
175.026
173.634
175.777
177.899
169.609
175.853
174.441
176.044
177.299
174.875
176.533
182.856
188.064
190.964
173.662
188.837
195.493
173.339
