717.294
633.925
466.734
482.393
487.567
472.405
466.423
464.317
470.742
482.436
474.755
464.978
465.321
465.145
471.664
476.398
473.819
473.452
448.3
397.836
348.295
381.435
376.848
387.807
373.155
374.569
383.382
382.56
394.611
386.009
386.638
398.061
399.166
379.403
375.505
373.604
376.515
375.141
373.876
375.225
375.428
373.96
374.572
377.026
374.508
377.671
373.788
374.865
374.428
363.945
374.767
375.057
374.053
373.077
373.273
375.029
373.707
373.832
375.269
374.018
374.824
374.488
376.048
366.059
382.877
390.359
392.752
380.946
378.89
386.213
385.82
407.076
406.984
393.842
379.101
379.315
383.101
379.426
393.779
381.002
383.75
376.315
376.075
376.214
375.319
379.321
386.231
386.169
407.651
404.862
382.652
376.577
382.442
383.516
392.895
383.665
380.77
379.152
387.466
380.819
