4246.12
4280.01
2649.7
2298.14
2296.68
2299.43
2293.32
2294.32
2302.59
2301.76
2304.89
2305.89
2314.6
2311.24
2311.09
2314.58
2312.31
2315.31
2317.21
2321.85
2319.95
2318.93
2324.33
2319.81
2322.3
2318.65
2348.21
2322.97
2322.56
2322.52
2330.57
2321.03
2319.51
2325.63
2322.79
2319.96
2311.59
2314.36
2320.46
2313.02
2312.97
2311.3
2327.02
2323.34
2325.36
2323.89
2341.22
2322.73
2321.57
2338.16
2318.44
2322.89
2323.41
2320.09
2323.77
2325.45
2325.3
2331.9
2331.6
2312.71
2333.27
2331.58
2331.22
2352.35
2348.5
2349.73
2349.05
2347.93
2402.12
2472.84
2378.11
2326.86
2312.44
2314.81
2322.39
2314.97
2314.62
2320.95
2475.38
2359.7
2352.82
2422.23
2367.89
2433.44
2371.76
2373.61
2320.66
2321.64
2372.87
2442.99
2388.6
2349.33
2451.65
2455.61
2343.65
2311.72
2318.02
2316.57
2319.37
2315.31
