1921.45
1387.94
1594.2
1604.84
1616.25
1399.23
1184.44
1161.85
1189.44
1197.95
1194.95
1195.6
1193.74
1190.3
1172.98
1186.9
1187.41
1108.93
1119.47
1188.61
1182.39
1189.48
1185.93
1183.81
1183.64
1183.48
1192.41
1189.91
1176.07
1198.4
1193.57
1168.78
1199.12
1192.68
1193.44
1191.3
1160.14
1194.6
1196.59
1146.44
1197.38
1188.51
1170.13
1195.99
1188.93
1188.51
1189.92
1188.64
1190.99
1189.5
1176.87
1198.12
1193.22
1191.19
1197.9
1195.52
1193.65
1196.23
1193.15
1188.89
1191.11
1198.52
1110.58
1197.54
1192.27
1198.23
1194.6
1177.23
1195.35
1289.13
1294.11
1306.95
1295.06
827.616
1324.24
637.688
1175.84
1116.67
1189.19
1142.61
1142.87
1159.51
1134.75
1192.99
1120.62
1123.97
1150.47
1167.63
1160.21
1162.07
1153.53
1135.22
1151.08
1183.58
1170.93
1185.18
1161.78
1159.54
1174.19
1158.27
