789.284
610.467
544.482
544.358
545.603
550.081
547.832
548.555
543.281
543.347
542.65
544.667
541.343
541.723
541.011
488.082
420.144
380.268
379.369
402.518
402.094
402.936
403.377
402.759
402.941
402.307
403.624
404.435
402.954
404.086
403.956
403.945
406.609
405.436
405.938
405.51
404.671
404.489
409.76
412.163
407.756
414.428
422.126
410.149
415.034
428.728
418.896
409.154
478.999
395.18
405.256
406.607
406.715
406.529
405.068
409.688
414.589
429.756
408.14
406.574
405.962
405.123
404.779
403.873
405.37
405.263
404.826
405.257
405.581
405.499
405.079
405.15
405.542
405.423
404.609
406.829
407.534
405.531
404.213
403.896
403.182
403.704
404.965
403.504
404.007
403.626
408.145
406.907
403.354
403.827
407.594
406.404
406.228
405.777
406.075
406.953
405.589
406.072
405.942
405.393
