1936.36
2285.71
2293.47
2295.79
2297.2
2296.48
2166.59
2427.68
2350.55
2346.78
2406.5
2302.9
2301.56
2299.26
2301.36
2299.71
2324.39
2298.43
2339.44
2316.46
2299.15
2298.93
2304.76
2302.4
2297.23
2310.43
2316.01
2302.39
2301.13
2300.24
2300.99
2300.34
2301.29
2301.58
2301.68
2300.01
2299.67
2290.8
2299.35
2301.09
2297.76
2299.22
2290.89
2312.12
2335.88
2303.44
2304.93
2330.4
2304.86
2294.28
2306.04
2300.63
2330.7
2402.68
2329.86
2298.71
2299.54
2306.7
2330.61
2335.31
2372.18
2322.73
2300.28
2295.75
2305.15
2302.53
2285.52
2294.32
2301.83
2303.2
2301.17
2281.2
2296.85
2318.19
2299.5
2301.58
2300.06
2302.19
2320.75
2311.25
2310.87
2313.61
2339.91
2303.73
2307.91
2300.16
2313.79
2296.59
2331.58
2384.02
2291.61
2308.81
2308.06
2315.26
2302.29
2300.15
2300.71
2298.53
2301.54
2301.03
