958.854
679.824
561.771
559.056
557.295
565.698
575.984
565.446
559.388
564.598
557.748
558.743
557.913
557.434
552.262
506.25
453.008
439.92
491.834
493.743
470.608
492.196
467.611
469.495
468.632
466.329
471.086
478.033
463.464
461.917
492.806
475.181
459.948
476.061
468.535
472.531
472.437
470.969
468.454
469.265
496.364
462.382
484.273
472.63
464.169
463.318
460.992
458.233
459.397
458.61
458.818
462.221
461.406
460.369
460.523
461.113
459.989
459.768
459.602
460.302
461.719
459.854
458.482
459.54
460.073
458.973
462.295
462.005
466.028
464.544
473.609
478.205
466.298
461.902
485.662
474.524
472.531
459.863
459.33
459.057
459.738
459.143
459.71
463.088
466.121
463.578
464.341
465.211
479.315
473.722
461.729
463.926
463.373
463.597
467.455
476.003
464.854
486.384
477.658
469.56
