1409.51
1071.81
1071.61
1070.75
1071.87
1085.31
1071.35
1037.64
844.812
824.799
790.021
823.395
788.416
549.705
841.281
710.72
824.09
744.955
822.88
823.47
820.993
820.609
819.524
820.254
835.156
821.47
819.7
806.68
821.983
824.181
778.724
826.209
823.192
823.451
823.006
813.738
761.99
827.428
823.819
823.9
807.258
828.621
824.113
823.618
826.373
823.749
823.92
734.434
822.856
784.488
822.898
823.335
823.174
823.278
823.566
822.73
822.817
795.81
823.29
823.144
823.038
822.947
823.109
822.944
822.893
823.271
803.35
822.812
823.02
822.984
823.312
823.047
823.266
823.275
823.144
822.127
826.414
644.357
508.619
767.479
802.351
801.75
817.197
700.244
803
787.656
792.105
801.74
799.827
802.483
796.768
801.515
802.795
801.835
769.045
787.188
820.904
800.842
803.171
800.858
