209.347
206.78
206.488
206.63
206.758
209.76
206.616
213.999
216.44
214.458
215.07
216.063
214.532
213.394
214.16
213.538
214.282
213.86
213.692
214.272
213.466
214.404
213.725
214.236
214.058
213.903
215.968
212.957
213.581
212.78
212.495
212.808
212.23
213.286
212.937
213.22
212.924
212.778
212.8
212.424
213.56
212.944
214.963
215.626
212.936
212.742
213.372
213.27
213.457
215.881
213.616
214.072
213.376
213.128
213.606
213.231
213.745
213.346
213.784
213.616
213.722
213.7
216.146
214.66
213.227
213.638
213.524
214.045
214.067
214.152
214.005
213.75
214.293
213.889
214.051
213.964
214.192
214.368
213.484
214.269
214.224
214.237
213.789
213.969
214.63
213.916
213.996
213.953
214.504
214.424
213.752
214.382
214.456
214.723
213.912
214.322
214.169
214.222
214.734
214.082
