155.217
155.783
156.431
154.661
161.204
171.308
175.583
173.552
185.9
175.483
183.364
174.831
179.011
174.792
172.351
178.246
179.759
181.089
174.914
176.381
175.654
172.357
172.619
173.854
170.709
172.239
172.114
172.748
173.404
172.029
171.027
172.603
171.482
171.873
170.816
171.536
171.26
171.768
171.45
176.297
171.674
172.579
174.836
173.204
170.969
175.097
172.308
173.673
174.178
173.298
171.236
172.861
171.561
175.662
170.798
171.858
173.109
173.938
173.988
174.528
173.473
170.844
172.188
173.247
171.498
174.189
170.936
171.681
176.035
173.959
175.309
172.621
173.059
172.128
172.782
174.147
172.632
173.134
171.846
178.029
176.826
175.338
176.693
174.345
173.472
174.79
189.846
186.837
175.077
172.2
181.498
190.243
173.735
174.52
173.752
175.029
180.467
190.939
186.679
187.781
