1172.33
859.244
796.877
803.542
703.552
802.428
801.386
803.848
801.604
799.837
789.615
644.328
558.063
565.367
556.992
558.546
557.639
548.53
549.881
526.202
551.271
548.596
536.36
563.186
554.647
542.822
534.141
551.724
538.617
548.91
558.301
554.073
542.029
549.247
549.172
548.309
545.158
539.442
536.362
535.612
552.704
527.75
548.628
549.425
550.185
549.779
532.931
517.324
555.346
549.439
498.543
550.509
539.402
544.502
545.347
548.709
542.621
542.21
549.086
549.416
547.504
558.418
554.665
548.214
524.954
548.97
528.839
546.478
546.958
567.187
548.145
548.078
547.381
543.544
549.967
544.34
557.684
548.573
557.875
538.242
553.536
549.452
535.822
534.508
549.517
503.92
557.646
549.431
536.508
537.532
539.698
548.706
544.16
549.592
554.11
549.094
544.99
550.548
544.456
546.106
