111.914
109.056
109.56
108.273
119.841
123.426
141.042
163.83
164.888
130.47
129.671
129.505
130.968
130.106
128.864
132.466
130.666
129.268
130.528
130.362
130.667
131.941
132.327
128.687
130.401
130.079
128.45
130.676
130.464
129.03
132.881
133.224
130.953
131.475
130.351
128.874
130.421
131.016
130.061
137.132
134.603
131.281
131.411
133.042
129.973
130.461
131.31
132.129
154.744
134.054
131.251
131.64
130.78
130.185
132.929
131.584
130.399
142.57
131.207
130.153
129.851
131.022
130.552
129.008
130.708
132.772
132.488
132.112
131.994
130.999
133.13
131.943
129.36
131.019
130.968
119.264
131.37
131.255
129.302
130.697
130.414
129.22
130.871
131.184
131.236
132.698
133.35
131.964
132.083
131.499
136.788
152.77
153.239
156.215
155.67
135.94
130.351
132.994
150.678
140.792
