809.746
809.163
809.833
804.907
806.222
810.437
796.311
797.557
796.82
796.461
796.458
797.257
798.714
798.591
796.702
798.977
797.707
797.688
798.404
796.971
796.133
797.544
797.949
797.862
798.31
798.122
798.525
798.054
797.076
798.407
796.554
797.751
799.525
800.19
796.455
799.398
796.913
797.824
800.885
800.709
799.483
795.792
797.806
796.442
801.289
796.335
797.512
795.404
801.341
800.201
797.695
797.338
800.197
799.933
796.567
798.62
796.664
797.028
799.235
801.202
796.451
796.834
795.739
796.597
796.83
796.611
799.965
797.152
799.121
799.276
798.477
798.274
796.829
799.327
797.401
797.29
798.029
809.262
797.353
797.11
797.757
799.881
797.338
796.648
798.613
796.209
798.211
796.954
797.342
796.551
800.067
796.644
800.777
796.507
798.378
811.792
806.909
806.666
796.579
798.409
