312.998
307.086
313.243
312.802
312.978
312.798
311.931
313.192
311.906
312.919
313.141
312.155
312.518
313.252
312.911
312.003
313.014
314.122
313.079
315.041
316.085
319.089
313.832
316.017
314.062
314.565
314.659
315.427
317.017
313.015
316.104
314.188
321.8
311.419
325.99
326.152
312.791
306.981
312.903
312.949
312.303
312.114
314.804
311.16
311.992
315.272
311.378
312.983
309.409
308.746
316.316
317.966
322.1
311.63
310.746
311.944
307.412
307.102
318.687
316.62
318.463
307.058
311.051
328.578
326.17
309.137
307.2
313.88
311.72
315.676
315.433
314.4
312.08
313.152
312.029
308.033
310.542
318.561
317.889
315.548
313.933
321.181
314.816
318.374
328.23
313.355
309.121
315.45
319.195
312.177
318.654
312.455
312.19
313.239
313.022
312.665
313.152
313.026
313.759
312.788
