2805.48
2812.53
2795.43
2060.27
1911.95
1947.57
1868.39
1865.39
1923.02
1920
1933.95
1895.4
1942.11
1912.98
1941.23
1899.62
1901.43
1912.74
1916.19
1922.35
1938.52
1935.24
1923.72
1924.71
1882.93
1886.1
1885.24
1893.02
1885.12
1884.75
1885.09
1884.22
1887.08
1919.41
1946.96
1914.84
1889.81
1884.01
1898.56
1884.87
1887.22
1888.9
1890.61
1881.98
1885.47
1884.63
1883.46
1885.29
1886.78
1888.71
1886.67
1886.59
1885.71
1885.06
1889.91
1885.8
1885.34
1886.08
1892.09
1885.27
1886.02
1901.23
1878.12
1885.47
1885.61
1886.86
1886.56
1887.44
1896.38
1887.8
1889.19
1940.82
1888.02
1888.23
1888.47
1889.43
1888.24
1889.79
1888.72
1890.75
1890.64
1907.59
1886.59
1886.55
1887.72
1887.06
1887.66
1887.69
1888.54
1888.17
1888.71
1889.02
1887.27
1889.16
1886.83
1888.33
1888.58
1887.11
1887.19
1886.28
