414.907
413.709
436.843
350.771
303.556
292.765
290.291
293.003
302.094
295.311
293.506
299.379
295.06
293.52
289.663
293.752
333.059
293.568
341.697
294.302
290.347
318.06
301.16
294.183
294.421
300.836
295.101
312.472
286.696
255.758
238.378
228.553
252.659
256.389
256.192
258.87
251.858
301.456
257.608
287.485
254.417
294.883
252.846
256.871
254.275
255.154
262.218
257.239
255.149
255.164
254.199
254.527
254.595
251.876
250.035
272.366
264.142
252.102
249.17
248.222
248.132
248.193
248.226
248.461
263.531
272.449
248.343
250.85
256.776
254.496
254.733
253.876
261.1
254.879
247.482
265.762
250.628
248.621
257.892
251.215
301.881
258.848
249.017
268.037
276.48
249.692
248.4
292.861
251.402
249.72
290.637
298.679
266.74
247.187
248.475
249.211
248.984
306.799
254.09
251.071
