714.297
706.593
706.853
704.647
704.61
704.356
704.954
714.123
714.211
704.873
704.7
704.35
704.381
716.229
712.706
707.251
714.733
705.288
704.131
704.55
704.576
703.978
704.207
704.608
704.57
704.804
704.118
704.401
704.75
704.751
704.976
704.407
704.383
713.681
705.388
713.947
715.742
712.962
705.484
706.045
707.457
705.617
705.493
705.828
716.923
705.326
705.259
715.213
715.011
704.25
705.66
705.349
705.448
705.693
705.833
705.75
705.514
705.471
705.432
705.464
705.814
709.434
716.698
704.817
706.788
714.598
706.02
706
704.045
704.375
704.525
704.789
704.708
704.403
704.634
704.491
704.36
704.358
704.499
705.059
704.268
704.808
704.494
704.193
714.41
714.53
705.169
705.196
705.356
705.534
705.136
705.734
705.298
705.198
705.009
705.176
704.899
705.043
706.654
705.318
