613.189
635.42
624.386
624.51
614.474
617.195
624.665
614.643
621.97
613.226
612.856
613.151
613.14
613.124
612.838
614.743
614.667
613.095
622.484
621.418
613.685
637.064
622.945
614.505
613.246
613.859
613.509
613.781
633.734
621.055
621.902
621.728
614.231
617.42
617.292
632.802
619.405
620.274
614.091
613.086
613.253
622.463
613.205
612.866
612.875
624.319
623.05
612.765
613.056
612.797
613.236
612.924
613.248
613.268
613.226
612.978
612.761
622.67
613.121
613.307
613.254
613.224
612.942
613.346
613.35
612.736
612.978
613.472
613.541
612.959
625.089
613.312
613.297
613.541
613.515
613.323
613.164
612.842
614.701
612.967
613.006
613.058
620.179
622.863
613.44
612.998
613.403
613.424
613.448
613.16
613.325
624.43
624.016
613.645
613.066
613.003
613.197
613.434
613.315
614.419
