1493.38
1240.85
1227.61
1241.38
1241.84
1237.2
1224
964.539
890.306
895.415
899.371
895.95
894.982
894.895
898.214
904.036
896.673
895.709
896.927
896.018
896.797
898.041
896.107
895.893
895.853
896.84
897.105
902.727
901.63
902.545
902.17
901.536
902.148
901.494
901.474
901.377
902.549
901.151
901.497
901.814
902.995
899.121
898.118
898.703
897.929
897.284
898.337
897.975
898.811
900.388
898.837
898.966
898.742
899.981
900.245
899.531
899.912
899.587
900.319
899.82
900.059
899.185
899.1
899.399
900.729
900.614
899.428
900.296
899.949
908.937
904.775
905.3
904.442
904.956
905.094
905.782
906.109
904.052
906.388
905.97
906.087
906.253
905.21
905.093
905.196
905.522
906.111
906.015
906.775
905.44
905.482
905.695
909.544
905.883
901.74
907.209
905.999
905.457
905.804
905.947
