128.177
124.184
124.079
125.075
132.855
139.189
144.26
147.119
153.639
159.437
148.006
169.365
148.51
161.535
152.371
157.891
156.758
150.227
158.515
148.546
156.458
149.1
147.118
154
148.326
147.108
146.884
147.068
145.708
148.168
147.13
147.502
146.932
146.521
146.929
147.178
147.543
145.784
146.778
146.352
148.111
150.078
146.885
146.769
146.186
146.658
146.372
146.639
145.459
147.426
145.908
146.306
147.242
145.917
146.99
146.098
146.924
145.763
146.238
147.131
145.919
146.697
145.897
147.479
151.113
150.291
152.069
147.891
150.055
147.626
167.186
160.345
166.952
148.042
150.728
168.287
160.248
147.171
147.538
154.96
146.507
148.631
149.61
150.343
148.765
147.051
149.363
147.41
148.35
147.253
148.999
147.891
147.227
156.991
150.267
152.786
147.699
150.229
148.102
146.316
