1762.71
1786.69
1745.07
1768.78
1746.31
1742.71
1828
1827.17
1757.25
1744.01
1765.13
1723.66
1782.56
1742.78
1741.89
1764.21
1738.69
1748.9
1833.68
1717.66
1792.28
1829.87
1788.81
1790.79
1776.75
1764.14
1865.13
1865.21
1743.56
1885.35
1822.28
1864.56
1761.93
1872.16
1759.54
1881.14
1810.96
1834.55
1885.24
1856.19
1928.66
1716.67
1740.83
1750.21
1744.08
1742.68
1751.06
1741.55
1755.85
1746.21
1739.62
1766.58
1763.16
1791.54
1793.96
1719.75
1746.78
1784.25
1728.63
1771.88
1761.3
1776.47
1771.96
1764.61
1833.49
1770.21
1735.83
1812.65
1771.67
1770.49
1780.12
1774.4
1833.65
1758.82
1786.46
1775.29
1841.39
1814.43
1825.78
1786.91
1805.12
1851.06
1865.55
1790.72
1968.41
1832.45
1796.85
1775.55
1842.55
1830.28
1831.97
1752.61
1869.14
1893.98
1777.58
1776.42
1829.52
1791.79
1838.22
1769.48
