964.747
953.42
953.641
953.05
953.577
952.982
955.308
955.483
954.76
960.736
953.209
955.283
962.462
953.417
952.274
974.748
964.234
965.02
960.656
953.821
953.126
952.51
953.526
964.628
961.123
953.837
954.244
957.11
954.85
963.296
969.907
981.323
976.839
953.402
964.102
964.038
955.189
962.627
963.035
968.847
979.752
967.341
953.689
963.233
953.771
955.559
954.665
954.108
953.764
955.079
956.063
955.16
961.368
959.421
965.128
957.358
953.991
956.737
962.737
979.812
960.868
965.608
963.157
955.217
954.469
953.707
958.025
957.323
960.583
963.81
954.351
962.772
957.294
963.873
964.902
954.564
964.243
958.883
963.833
963.2
954.154
954.023
953.318
954.105
954.062
963.957
965.921
955.852
956.054
956.089
965.917
963.92
953.926
954.508
954.635
954.383
955.126
956.327
956.705
955.92
