1109.21
973.298
940.438
952.737
946.444
941.193
943.118
941.844
944.901
791.187
567.439
554.082
580.765
598.538
585.46
588.042
588.947
586.591
588.578
585.351
588.975
590.288
594.07
584.987
587.729
589.201
592.562
587.317
595.809
589.812
592.57
587.997
591.979
592.116
583.175
589.288
588.092
588.298
590.733
582.665
585.126
588.241
586.48
592.012
586.897
584.404
589.918
592.739
590.976
586.365
596.572
594.771
606.938
591.611
589.788
597.304
587.773
594.808
589.775
589.369
588.935
595.584
589.049
586.46
590.985
594.61
590.363
589.19
590.387
591.737
590.934
582.588
586.638
593.052
586.506
590.708
588.439
591.745
587.51
594.179
585.903
588.964
594.959
587.836
590.184
586.431
592.463
591.304
589.175
587.822
590.854
595.02
590.312
590.812
589.399
591.88
586.063
589.222
590.719
588.277
