1112.05
878.043
851.801
853.238
880.508
851.737
838.905
857.992
888.009
841.744
688.921
558.633
603.459
618.364
595.115
605.931
608.649
616.729
605.418
609.405
628.065
618.641
612.499
603.612
605.737
598.245
594.404
619.494
600.897
600.943
586.413
583.686
585.755
605.394
611.114
588.676
626.909
700.662
587.415
586.662
587.423
651.321
602.816
586.421
585.68
625.111
590.085
654.495
586.132
590.541
584.921
584.06
587.364
583.456
584.69
586.424
573.896
583.55
586.68
590.064
586.188
589.762
586.666
585.479
589.321
576.028
591.375
584.853
589.989
585.905
588.026
587.24
586.183
588.624
581.609
588.014
588.371
589.707
588.76
593.194
590.147
595.731
598.446
609.931
618.037
655.158
687.615
600.154
615.638
615.062
604.87
594.862
618.552
639.527
615.52
613.222
617.385
599.468
590.524
586.448
