1312.12
1005.27
1012.95
1030.58
1004.56
997.451
997.015
1008.72
946.994
770.216
751.974
776.471
778.91
777.211
778.801
777.698
778.374
779.256
782.053
779.641
778.685
780.027
780.972
782.847
778.02
776.986
777.196
781.983
786.529
783.562
783.244
781.617
782.057
784.688
782.156
785.56
783.032
788.343
782.762
786.635
783.615
785.841
783.251
787.899
782.353
786.605
784.49
787.648
783.827
785.512
783.082
785.578
785.597
786.925
783.722
785.389
782.842
786.891
790.792
795.398
783.772
784.038
781.212
793.18
790.253
788.486
781.025
787.51
785.099
788.605
782.929
786.826
787.859
785.047
784.227
789.867
782.325
792.703
789.342
788.901
790.753
790.803
770.69
801.165
807.364
818.599
816.005
785.096
789.844
790.564
784.283
794.895
789.428
790.317
788.845
791.118
800.579
796.247
809.97
802.65
