3178.38
3074.77
3138.16
2953.96
3133.87
3075.65
2894.96
2705.22
3123.17
3103.96
3137.89
3171.55
3178.23
3156.95
3133.39
3077.7
3179.09
3181.27
3176.91
3074.92
3037.51
3177.1
3174.24
3176.14
3171.91
3190.25
3146.46
3176.44
3178.49
3178.38
3165.9
3174.53
3171.73
3173.04
3175.24
3160.89
2837.45
3180.23
3020.59
3037.7
3074.09
3035.99
3099.87
3064.32
3076.45
3031.08
2981.1
3075.25
3017.81
3177.78
3230.77
3224.02
3226.11
3159.25
3179.36
3206.02
3115.73
2992.86
3086.3
3084.01
2973.02
3049.96
3064.7
3052.89
3045.89
3076.91
3043.07
2851.46
2483.18
2944.46
2611.74
2946.27
3226.73
3197.79
3225.04
3054.27
3008.83
3230.06
3173.54
3174.66
3164.66
2812.33
3072.45
3032.65
3074.89
3137.37
2961.44
3172.1
3128.47
3203.32
3105.14
3109.02
3052.19
3077.8
3095.83
3078.05
3127.99
3089.34
2992.01
3152.76
3157.47
3152.89
3077.17
3083.26
3174.24
