654.69
654.919
654.298
655.589
654.493
655.268
655.05
656.046
655.154
655.26
654.679
655.144
655.06
656.437
664.267
654.513
654.218
654.476
653.633
658.038
654.576
654.113
654.367
654.034
654.73
654.083
654.196
654.606
654.403
654.503
654.263
665.328
654.833
655.235
655.276
655.253
654.559
654.841
655.368
654.896
655.32
655.016
654.614
655.533
655.221
655.25
655.227
655.268
655.266
654.722
654.853
655.282
664.375
664.407
654.576
654.813
654.504
678.744
658.512
653.909
653.597
653.538
658.025
655.634
664.591
655.017
655.198
655.232
655.129
654.387
659.278
665.438
655.822
655.292
656.597
659.14
660.556
664.505
658.865
653.832
664.266
663.49
664.268
665.083
655.72
658.211
659.502
655.737
657.473
657.573
663.633
657.049
654.958
662.264
657.651
657.257
655.75
655.545
658.22
656.172
