594.736
596.882
533.653
414.44
414.151
412.895
421.857
416.551
412.173
418.499
415.64
417.762
413.397
412.923
411.195
410.667
411.118
409.764
411.187
410.72
410.629
371.11
329.311
300.3
306.647
321.698
325.705
325.211
326.362
326.95
324.476
326.364
327.863
325.502
326.85
326.321
328.602
329.235
327.07
325.179
327.582
327.361
326.607
327.729
332.475
327.04
329.994
328.093
325.53
326.998
328.145
327.911
326.446
325.309
326.977
328.218
328.366
327.329
329.382
327.394
327.595
326.704
327.176
329.198
327.055
327.655
326.973
329.115
326.742
328.299
330.284
326.308
329.503
330.268
328.82
330.757
330.342
328.648
327.503
327.463
327.434
329.066
330.453
328.457
328.296
326.827
327.563
331.938
328.941
326.06
328.628
327.56
328.357
326.328
326.358
326.206
326.281
326.597
328.053
327.631
