805.798
698.143
507.422
505.27
514.727
509.243
502.117
501.59
500.564
500.747
501.646
500.121
500.44
502.836
501.266
501.454
501.703
458.677
403.177
369.138
397.969
404.407
406.395
407.504
405.665
406.503
405.608
404.203
405.349
407.982
406.645
407.158
407.388
405.6
406.849
407.569
408.213
406.015
407.418
405.787
408.033
406.953
407.311
406.578
408.176
407.299
406.793
407.057
406.938
407.051
408.032
407.032
407.349
407.331
407.734
408.876
407.87
406.473
410.665
406.853
408.599
406.026
407.321
407.071
408.557
406.96
406.347
406.101
407.067
405.765
405.382
406.262
406.258
407.852
406.756
405.953
406.041
407.672
407.992
407.422
406.488
405.984
407.031
407.025
406.453
406
406.468
407.675
406.952
406.719
406.544
407.234
406.719
406.228
407.856
406.844
406.53
407.097
406.975
406.874
