1683.33
1713.46
1674.38
1703.03
1736.86
1718.47
1664.31
1716.79
1711.71
1706.05
1723.57
1678.58
1677.14
1813.88
1766.63
1796.03
1725.75
1783.77
1769.46
1727.06
1753.12
1728
1691.87
1673.58
1684.6
1734.02
1712.82
1678.01
1671.62
1711.07
1680.25
1760.21
1683.67
1667.35
1671.27
1674.96
1706.59
1668.06
1674.69
1809.33
1761.95
1700.61
1764.88
1724.09
1762.28
1686.77
1752.23
1683.02
1774.64
1717.27
1714.68
1787.35
1726.74
1777.55
1732.72
1704.44
1723.27
1700.03
1723.33
1723.38
1691.31
1682.93
1725.33
1788.59
1672.78
1671.96
1691.68
1675.84
1721.02
1734.67
1667.63
1665.82
1666.34
1666.25
1721.82
1693.78
1684.82
1729.75
1684.39
1743.84
1736.47
1726.37
1674.1
1709.82
1820.51
1736.92
1772.01
1677.25
1676.04
1730.29
1669.95
1675.04
1725.7
1745.39
1751.1
1766.42
1761.67
1783.56
1714.24
1756.73
