664.515
660.633
662.602
660.701
671.61
660.795
660.177
669.172
658.305
660.128
659.763
659.369
659.502
659.571
659.481
660.256
660.146
659.885
660.206
659.783
669.257
660.16
661.351
660.671
660.444
659.845
659.72
660.498
659.738
660.028
660.104
659.631
659.83
660.011
660.325
661.051
660.69
660.268
660.004
660.392
659.997
660.574
659.997
660.025
669.952
668.829
659.734
660.084
660.114
659.818
660.323
659.515
660.056
659.565
678.335
668.669
665.157
665.076
662.646
674.574
660.117
669.528
659.449
668.535
669.189
659.813
660.099
662.993
667.294
659.976
659.002
658.724
659.76
659.856
663.197
662.351
663.329
660.057
660.816
659.853
668.252
667.79
665.327
659.839
660.082
659.589
660.359
659.535
659.44
659.07
660.038
660.047
659.834
684.747
666.416
669.575
670.869
668.21
660.791
661.045
