1605.84
1566.3
1580.2
1585.72
1597.3
1543.06
1059.88
1089.09
1073.39
1071.16
1074.9
1075.71
1078.66
1078.57
1075.5
1077.46
1078.53
1073.73
1073.65
1079.95
1078.53
1079.18
1078.28
1066.95
1081.83
1142.24
1113.49
1121.83
1075.81
1081.12
1079.85
1075.34
1076.5
1067.31
1080.34
1075.91
1082.63
1080.24
1074.76
1079.66
1083.53
1081.55
1078.91
1075.54
1076.01
1087.52
1078.86
1076.13
1074.88
1084.47
1081.87
1079.87
1077.9
1067.14
1080.25
1080.4
1077.73
1081.3
1077.1
1077.85
1079.65
1105.71
1156.5
1090.88
1125.72
1089.45
1112.53
1136.26
1080.18
1120.25
1093.69
1077.45
1113.34
1137.78
1152.85
1159.28
1097.13
1158.71
1151.54
1106.09
1196.77
1193.81
1107.47
1173.18
1138.96
1106.4
1090.47
1080.19
1077.84
1085.4
1078.66
1077.53
1073.91
1079.03
1083.02
1078.32
1082.3
1077.5
1079.14
1147.27
