2692.87
2706.66
2720.41
1974.17
1863.2
1855.65
1876.91
1787.99
1868.82
1865.71
1864.34
1863.65
1861.73
1869.98
1881.99
1868.69
1872.64
1875.63
1798.74
1870.08
1826.69
1853.24
1860.85
1872
1864.18
1867.52
1869.15
1871.18
1865.34
1869.56
1849.01
1838.02
1856.93
1830.68
1868.29
1863.18
1804.34
1849.43
1833.2
1838.52
1835.85
1842.03
1829.39
1842.19
1855.86
1854.99
1854.66
1835.14
1871.49
1864.13
1783.89
1860.63
1865.55
1866.79
1868.01
1877.28
1829.44
1851.88
1856.22
1866.33
1827.04
1845.8
1844.43
1842.19
1827.24
1845.29
1845.77
1842.76
1838.8
1850.21
1841.33
1841.54
1835.2
1848.24
1854.44
1847.67
1850.33
1848.75
1823.79
1843.98
1844.1
1850.93
1846.48
1847.24
1808.96
1802.27
1827.54
1826.84
1845.73
1833.76
1796.98
1814.04
1878.51
1791.34
1832.65
1836.83
1819.61
1820.91
1811.35
1757.96
