131.387
109.028
108.777
112.323
123.043
128.427
128.471
128.714
130.808
129.88
132.439
131.178
130.084
131.161
134.653
131.263
166.027
143.211
138.068
175.258
198.625
175.248
164.766
142.143
132.202
132.234
132.509
130.51
130.688
136.403
141.644
144.598
133.293
151.626
132.985
132.044
130.622
131.193
134.847
131.482
172.032
176.001
135.066
142.334
155.113
133.372
132.732
132.615
132.218
132.765
131.821
130.939
131.59
136.025
145.811
153.829
133.372
165.716
137.62
130.964
131.592
133.037
132.723
131.192
129.944
145.423
134.616
133.171
164.305
142.415
140.818
131.786
137.611
134.357
139.349
132.598
133.871
133.252
131.188
139.833
131.896
132.058
135.666
133.043
136.03
148.872
136.449
145.841
140.603
133.253
137.079
169.978
141.984
130.752
131.589
142.774
148.262
131.393
130.305
132.692
