1169.86
728.894
729.11
729.363
728.789
728.845
730.091
728.668
729.012
726.655
726.2
668.154
594.208
568.455
568.714
581.565
579.121
579.05
578.932
578.908
579.083
578.476
576.834
580.397
579.151
579.145
589.653
591.468
599.481
599.755
586.927
595.819
588.789
597.933
585.605
601.448
586.981
592.438
582.171
587.983
596.11
609.845
590.059
594.924
592.661
595.716
581.286
580.478
580.707
580.702
580.367
581.635
579.106
578.677
586.563
587.678
580.526
600.925
638.972
588.036
587.763
585.317
588.305
599.827
590.492
590.651
584.44
609.564
585.561
591.977
591.345
593.656
584.991
583.078
580.628
580.963
581.219
581.368
581.53
581.301
581.927
581.084
581.329
582.436
581.71
581.585
581.27
581.36
581.029
581.323
581.359
584.519
581.953
579.521
579.4
579.589
579.381
579.141
579.763
579.289
