1133.17
1129.44
1127.06
1132.98
1106.21
804.781
713.772
693.361
799.108
963.529
940.642
791.326
685.635
689.673
685.222
712.38
710.364
819.171
909.534
815.295
727.685
691.363
684.067
684.132
684.115
684.27
683.934
684.227
683.791
710.562
754.959
689.41
711.116
696.823
701.446
699.199
720.883
768.973
736.744
687.529
719.915
689.605
691.098
684.542
693.487
683.405
683.944
683.975
688.329
700.373
708.16
710.119
688.917
684.105
684.267
683.462
693.471
686.461
693.54
689.449
689.958
746.029
778.553
795.82
789.611
714.849
838.784
732.009
827.66
803.567
723.834
732.968
748.359
710.408
817.191
690.679
684.227
683.801
687.102
687.182
688.216
685.245
685.97
690.113
687.507
692.919
686.013
689.156
721.997
687.484
735.573
725.252
737.674
704.44
714.5
707.924
685.792
706.464
712.987
696.412
