999.977
999.901
998.598
999.598
1019.43
1003.22
996.439
1000.41
954.833
715.066
615.877
606.964
607.199
606.614
610.319
609.087
608.576
606.518
606.669
606.226
606.383
606.087
606.677
605.972
605.948
605.74
606.082
606.546
608.276
697.932
612.453
607.219
607.343
609.662
607.753
607.912
605.891
606.148
606.174
605.744
605.762
607.255
615.015
614.729
607.094
606.531
609.82
616.652
606.128
606.568
606.23
615.773
616.599
606.028
606.988
606.127
606.929
606.782
615.287
614.053
617.278
606.994
612.306
639.449
614.747
622.008
607.959
610.95
612.701
610.864
605.434
608.394
610.118
607.516
608.231
608.914
615.546
607.422
605.957
605.56
604.717
605.839
606.116
607.519
647.283
638.729
609.196
618.966
608.225
610.745
606.511
607.623
608.906
624.971
630.869
606.845
610.641
622.013
624.636
614.845
