501.57
506.598
508.735
509.219
506.74
516.167
512.233
524.031
511.416
505.049
501.999
504.829
499.79
507.878
508.403
499.735
508.484
477.039
397.148
338.626
314.318
325.974
333.583
365.111
359.828
355.816
331.868
324.248
335.924
350.403
335.408
336.041
341.293
340.087
341.661
359.313
387.308
341.783
330.168
343.744
354.079
334.561
339.472
338.023
366.052
341.277
350.116
336.208
326.317
329.975
325.803
327.573
328.153
326.746
327.613
327.89
328.894
327.494
343.969
344.535
341.476
335.276
326.541
328.699
327.519
363.214
361.837
354.772
345.087
327.112
327.027
327.575
328.501
327.278
329.09
326.758
327.389
333.015
357.42
332.888
329.659
325.468
335.946
329.076
334.866
337.989
388.752
394.104
377.178
338.817
411.446
450.177
426.863
431.768
375.748
340.715
430.683
351.771
340.909
357.366
