120.359
104.05
104.374
103.929
112.513
122.78
130.357
138.86
137.873
129.53
129.315
175.74
123.649
129.564
134.554
133.834
128.298
133.142
130.481
127.345
163.431
143.903
165.032
143.735
141.528
144.286
176.655
130.462
127.985
126.582
130.673
132.652
139.492
133.122
130.378
131.592
144.665
145.284
148.696
127.014
129.454
129.851
141.144
129.409
129.498
132.879
129.777
129.837
142.807
124.127
128.463
128.475
129.297
128.776
127.54
129.204
128.629
131.671
129.693
129.385
128.1
128.801
130.786
129.64
129.469
127.814
128.483
128.816
130.118
128.818
128.037
129.447
128.733
128.193
129.739
129.915
126.44
128.801
130.113
128.845
128.762
127.275
130.339
130.09
128.786
128.962
129.583
128.174
129.368
129.683
131.262
128.954
126.203
130.139
130.137
134.814
128.475
127.281
130.491
129.23
