193.31
180.123
179.708
178.979
178.804
179.617
181.005
178.473
179.171
179.798
179.318
177.792
177.992
178.519
178.156
178.048
178.03
178.656
179.485
178.896
179.442
179.287
180.41
178.245
178.079
180.173
178.054
178.479
178.636
178.767
179.722
178.456
179.961
180.324
177.922
178.175
179.266
179.063
178.055
177.699
188.077
179.577
177.8
180.999
180.343
177.879
178.091
178.005
177.832
174.517
159.966
156.675
159.25
174.559
164.025
167.316
171.089
163.039
187.229
173.272
222.432
174.022
255.101
226.565
164.523
166.924
170.511
170.455
173.587
166.778
170.081
194.551
173.081
169.843
173.547
168.4
168.625
164.455
161.436
162.314
158.578
161.166
162.17
161.41
161.793
169.542
159.007
160.193
159.586
161.531
161.41
158.719
162.137
159.108
171.683
165.119
163.982
175.109
162.653
159.247
