586.671
585.045
586.237
581.451
595.237
591.84
581.569
590.721
591.356
593.827
582.805
587.619
587.204
587.286
585.029
546.007
443.76
373.961
375.514
416.06
417.241
396.961
400.576
393.926
384.821
382.55
378.057
396.01
400.283
392.054
385.17
387.602
395.365
386.888
376.195
377.312
376.89
381.176
380.095
396.511
382.342
378.497
391.145
382.93
384.452
389.288
388.685
385.219
379.369
393.554
414.355
406.544
388.269
417.182
399.767
397.593
394.483
396.327
394.064
403.1
391.447
398.821
412.977
397.473
390.688
420.786
394.925
393.116
389.698
406.48
406.754
390.779
395.366
414.524
399.451
394.556
401.282
393.457
395.287
400.007
416.399
389.07
393.728
393.484
396.514
395.309
396.697
389.073
396.847
409.364
396.129
456.834
407.709
382.822
393.057
396.841
403.265
390.472
377.855
389.988
