295.477
295.013
290.05
295.691
295.298
296.153
303.521
301.793
294.06
295.825
293.571
289.963
294.255
293.37
313.99
300.404
371.776
331.049
291.467
321.931
334.654
314.528
295.417
294.364
294.823
296.058
296.196
293.665
292.163
293.114
264.179
242.934
236.88
237.446
235.025
239.831
231.43
238.637
235.5
237.691
239.341
239.714
250.51
232.946
238.159
237.351
238.377
239.731
252.081
236.619
248.993
242.212
279.709
242.842
283.624
258.733
264.33
238.943
248.381
243.19
251.341
235.819
242.332
256.606
245.976
241.064
241.917
239.158
261.994
239.239
239.504
242.09
253.398
296.062
248.237
243.823
240.153
247.494
248.802
240.801
240.27
245.524
241.104
246.121
243.276
240.594
239.721
238.537
244.195
266.388
300.968
253.161
251.985
323.839
253.423
253.979
241.754
243.903
245.896
242.217
