605.477
604.301
617.664
604.36
602.064
605.526
601.807
610.929
602.486
604.988
642.269
601.753
601.917
602.39
590.327
489.543
398.848
371.547
368.657
392.489
391.813
395.881
395.606
387.807
384.613
391.064
385.626
391.051
387.081
391.287
395.096
388.568
392.179
393.535
388.478
383.268
386.599
391.887
385.464
385.342
385.23
383.441
384.795
384.933
391.406
388.563
392.039
402.259
396.101
389.654
395.007
395.13
396.81
406.525
404.866
428.233
456.224
422.758
435.508
394.543
405.88
401.658
423.584
389.463
398.416
416.548
402.242
404.897
405.38
400.556
397.882
412.275
417.131
405.771
403.366
405.073
426.322
399.172
400.03
397.62
398.801
392.143
404.208
399.409
391.585
396.839
397.429
398.569
401.363
392.104
389.144
397.512
399.517
390.002
388.168
397.203
390.161
396.553
397.702
399.039
