303.234
312.123
313.643
304.81
309.458
304.106
303.109
313.088
304.837
302.185
303.341
305.341
309.199
301.792
301.748
302.343
302.358
302.329
301.918
301.866
301.544
301.854
301.229
301.857
301.601
301.832
301.511
310.647
313.403
301.744
302.087
302.502
302.265
302.409
302.242
301.689
302.009
301.913
302.244
301.989
301.956
302.185
301.898
301.935
302.084
301.827
301.856
302.098
301.913
301.949
302.162
312.071
313.003
313.618
302.016
301.504
302.007
302.172
330.381
315.924
302.557
331.235
310.046
310.699
314.6
313.991
303.972
312.278
315.308
321.226
312.272
316.925
311.377
311.755
313.171
302.162
312.339
302.255
301.985
313.819
312.22
302.386
311.273
301.506
301.307
312.367
318.847
313.203
309.502
317.273
302.42
305.189
303.386
316.054
312.415
305.018
305.318
310.57
310.804
313.838
