551.994
551.817
557.66
552.497
566.892
552.476
550.551
547.022
547.083
548.066
561.029
552
556.993
553.717
547.785
554.505
518.39
424.185
360.43
341.962
343.525
367.599
367.201
366.348
365.406
367.494
365.506
367.236
381.342
374.534
378.432
374.522
369.114
366.521
369.219
364.468
373.062
382.802
370.371
364.632
369.136
367.732
373.12
369.411
370.593
377.637
363.24
383.428
367.533
369.248
365.563
385.797
371.695
370.086
369.84
372.533
363.682
388.349
386.601
379.019
371.833
379.488
384.675
372.229
367.346
369.244
371.482
360.924
375.738
371.681
369.242
365.086
380.667
379.203
376.764
369.632
370.487
369.918
398.538
442.185
385.461
379.986
395.09
380.875
375.435
373.114
419.893
373.726
361.712
361.73
360.307
361.852
369.742
368.345
360.447
362.522
360.117
360.746
362.098
361.352
