1035.78
1035.39
1035.65
1037.64
1054.53
1032.55
1042.89
1034.1
889.532
663.046
627.992
627.891
626.631
627.319
627.94
627.75
627.237
627.546
627.477
627.682
627.246
627.007
628.186
626.729
627.582
627.578
627.045
627.753
627.479
627.857
627.355
628.309
627.562
627.341
627
627.533
627.01
637.181
639.918
627.933
627.072
627.016
627.942
627.475
636.695
637.693
637.642
628.787
626.877
627.066
627.817
627.75
628.242
626.425
627.858
627.895
628.131
628.226
627.375
627.909
627.56
627.29
626.791
627.373
627.238
627.423
628.121
626.766
627.627
627.855
627.348
627.35
627.296
630.991
629.681
626.826
639.916
705.558
648.683
626.357
682.68
649.351
698.268
716.795
707.693
687.087
655.321
686.109
726.152
678.535
627.184
627.488
675.283
630.69
636.271
628
640.19
628.511
629.322
634.899
