525.511
525.526
526.59
525.959
537.32
528.507
529.055
529.576
526.307
534.257
545.444
532.603
536.616
534.256
534.969
534.248
524.968
440.662
367.023
326.273
334.893
347.434
368.186
356.912
358.741
355.113
357.292
360.491
360.146
363.258
363.027
377.448
426.238
382.679
353.439
347.458
346.284
344.519
345.116
352.072
351.679
356.355
350.682
352.83
353.346
354.774
353.743
353.872
349.903
353.575
352.779
354.507
353.66
352.792
345.783
354.105
352.705
355.209
345.346
344.69
345.858
346.334
344.547
345.302
353.911
354.233
344.561
346.393
345.603
344.482
345.94
345.026
346.979
347.784
389.15
348.922
383.515
377.349
351.093
390.08
350.207
391.851
346.096
362.652
364.51
360.606
370.271
364.184
361.4
409.478
386.479
349.294
354.08
356.405
357.91
363.281
358.713
347.895
346.89
349.283
