138.702
122.745
128.24
122.459
138.56
140.76
148.314
147.782
148.341
151.599
150.056
150.36
150.577
147.995
148.972
150.512
152.219
150.417
150.706
180.41
148.977
192.543
141.845
191.174
144.782
144.977
153.192
144.945
148.125
149.795
147.168
150.943
164.34
171.099
159.541
147.788
153.758
145.114
150.869
144.961
146.622
151.282
145.175
151.152
143.036
149.761
143.988
144.445
152.058
152.012
150.243
146.371
146.374
147.611
142.586
143.031
144.494
150.163
151.288
141.846
150.522
142.555
144.22
146.685
149.692
142.896
150.724
151.791
157.684
143.992
148.993
151.82
145.705
145.866
146.802
144.756
144.615
148.785
141.305
150.563
152.767
152.128
150.804
140.863
151.771
142.754
144.671
151.04
140.472
144.692
145.532
143.334
143.472
151.919
142.402
151.796
143.374
147.167
150.417
155.545
