1077.93
1078.01
1068.23
1071.16
1068.42
1069.55
1069.61
1074.93
935.281
687.82
657.737
691.333
726.232
648.824
650.265
651.055
717.367
726.832
654.397
659.354
659.83
649.221
655.884
658.028
650.53
650.126
650.156
650.229
650.465
649.817
650.35
650.032
650.97
652.624
665.275
663.577
652.967
659.075
666.035
702.938
712.755
663.065
650.632
649.509
649.716
650.208
650.619
650.648
649.675
650.611
650.672
650.335
649.537
650.019
651.917
649.724
650.246
659.588
661.034
649.564
650.607
649.844
649.3
650.421
649.972
649.262
650.949
649.811
650.549
649.932
650.08
650.046
649.713
650.026
650.296
649.694
649.806
650.196
649.603
649.193
649.29
650.263
649.939
649.286
656.434
671.044
690.458
651.662
685.459
659.606
660.051
664.29
654.965
650.598
653.908
653.772
650.659
650.295
651.572
656.644
