1037.86
1041.47
1038.58
1040.49
1039.96
1042.05
1043.01
1034.88
884.28
653.83
639.055
627.021
628.526
628.158
628.621
627.856
627.849
628.179
628.051
627.729
627.466
627.647
633.692
630.899
645.191
646.047
640.835
631.612
634.615
637.554
636.165
632.039
628.23
627.606
638.646
643.955
636.814
640.505
645.286
645.04
641.062
707.226
626.944
626.636
626.664
627.398
627.801
628.119
627.424
627.17
627.109
627.826
627.084
626.973
627.497
626.758
637.402
637.172
627.297
627.405
627.134
627.952
627.622
627.033
627.388
627.708
639.4
638.653
627.186
626.902
626.948
627.129
627.191
627.793
627.876
627.211
627.239
627.164
627.711
627.335
627.778
627.28
627.141
627.455
626.697
626.852
627.288
635.35
640.466
662.703
681.788
640.9
638.762
626.717
627.222
626.727
627.576
627.326
626.933
638.226
