263.735
257.21
263.37
252.949
264.579
261.495
255.94
250.595
259.515
259.362
250.739
258.132
258.216
256.214
255.395
265.642
255.929
256.186
255.884
251.95
258.553
255.338
254.292
258.147
275.135
332.025
259.321
251.624
266.294
254.645
259.319
252.659
257.082
258.409
262.112
243.241
221.112
207.994
222.97
216.736
222.669
212.155
210.314
216.816
222.836
210.785
218.292
215.785
211.809
217.499
222.258
217.505
222.827
209.715
216.85
220.691
210.626
212.921
211.031
218.494
211.713
220.916
210.152
214.148
219.289
224.007
208.29
216.969
215.475
213.345
212.648
208.396
211.084
210.092
211.766
212.056
211.908
208.079
209.045
212.071
211.296
210.418
210.874
209.059
208.191
211.171
210.164
213.482
214.743
219.02
210.129
208.629
218.814
219.204
231.773
243.044
238.751
245.035
211.547
215.713
