1149.38
1168.19
1165.63
1164.39
1168.31
1150.77
1152.6
935.222
705.986
705.426
706.596
718.669
698.214
737.319
741.571
715.987
719.975
799.087
719.282
715.136
744.425
728.858
734.492
717.115
696.568
707.153
706.712
720.314
712.574
696.286
705.438
712.025
709.246
718.116
716.036
706.023
705.882
700.197
696.037
696.014
706.694
705.361
696.055
696.039
695.719
696.183
695.786
695.946
706.984
703.696
708.155
705.793
696.333
696.128
696.448
695.976
696.387
706.774
695.918
705.775
706.004
695.871
705.887
696.295
696.155
695.988
696.238
696.372
695.967
696.333
696.493
696.004
695.99
696.555
696.44
696.267
696.171
696.465
696.371
696.372
696.643
696.412
706.057
696.238
696.157
695.827
696.26
695.965
696.21
695.867
696.147
696.005
695.997
695.9
696.125
696.107
695.821
696.145
696.345
696.137
