302.026
312.549
313.093
312.724
314.814
310.244
312.212
312.161
310.858
314.033
303.695
306.402
310.448
348.458
307.172
312.861
322.352
313.804
316.869
325.879
308.718
323.423
303.872
312.205
301.336
310.466
309.581
311.66
301.695
300.978
310.529
313.452
312.845
302.675
301.364
300.927
310.476
301.569
301.17
301.498
301.299
312.537
301.905
301.442
302.449
312.9
301.92
301.858
301.739
301.6
301.643
301.44
302.046
301.525
301.872
301.641
301.72
301.75
301.697
301.872
301.709
301.832
301.489
301.74
301.396
301.466
303.965
311.197
312.182
306.964
309.285
305.927
313.745
332.512
317.728
317.874
311.524
309.535
313.424
303.54
309.151
312.754
312.588
311.753
301.095
313.276
301.448
314.735
314.337
307.164
301.874
310.778
311.13
311.205
313.181
312.011
312.324
313.726
313.271
313.74
