172.394
114.557
104.504
103.786
118.145
120.361
123.813
133.847
130.19
128.217
128.019
130.742
128.636
129.039
126.363
138.058
125.85
127.789
176.956
120.926
128.271
186.381
128.36
127.396
140.527
126.146
127.867
186.343
122.815
128.705
130.165
126.975
127.919
128.727
128.851
127.491
128.456
128.169
129.161
127.217
127.661
127.35
129.227
127.035
127.009
127.8
136.498
125.912
126.279
127.944
128.581
128.617
125.487
129.367
129.396
127.936
126.691
128.181
128.884
128.316
130.356
126.263
128.158
128.063
128.047
126.473
129.045
128.289
128.304
126.74
127.343
127.803
127.585
129.17
126.461
127.97
127.67
128.977
126.062
127.954
129.212
128.389
126.832
126.696
128.389
128.894
127.179
125.573
129.212
140.246
134.634
132.361
127.515
128.479
127.85
137.577
126.859
128.267
128.288
127.725
