601.911
602.741
602.285
616.702
604.538
617.896
602.231
602.965
605.682
618.378
617.151
605.757
604.962
603.707
613.503
614.827
612.94
602.674
611.419
602.476
608.025
605.331
611.503
626.61
607.03
604.854
602.189
602.875
602.261
602.648
606.937
605.353
613.259
603.89
614.232
603.438
607.971
614.709
620.724
602.746
605.192
617.905
609.337
606.794
607.998
616.231
611.681
602.838
603.694
625.251
608.71
601.519
609.586
606.478
619.356
613.658
607.358
619.353
617.435
607.592
624.345
614.231
613.389
605.324
613.784
603.358
603.455
603.263
612.848
614.882
603.302
602.249
603.105
602.649
602.012
602.713
602.58
605.787
612.961
603.389
603.031
615.315
612.965
603.352
602.708
612.957
616.197
608.618
603.654
603.772
603.224
602.838
603.305
602.833
602.805
603.404
603.292
602.648
603.173
602.785
