357.821
355.589
372.83
356.024
368.147
358.129
356.382
359.009
356.373
356.884
358.144
355.988
357.099
356.236
357.399
356.92
356.47
357.081
356.823
356.616
357.144
357.31
356.565
357.764
356.711
321.885
280.56
310.775
275.796
273.521
265.859
265.415
257.883
257.64
258.45
257.384
260.155
265.438
268.871
300.724
271.156
278.717
270.313
273.861
269.405
271.058
265.188
268.006
299.102
295.529
274.285
280.804
270.964
269.51
273.716
286.634
304.745
288.262
282.323
303.387
281.489
278.44
288.249
273.602
282.993
315.041
275.934
286.282
290.19
322.369
277.783
273.756
272.164
274.973
280.363
273.656
273.22
295.127
270.405
311.365
279.553
274.358
275.32
271.106
267.893
267.093
282.037
311.865
266.666
276.37
304.469
276.136
269.685
276.359
268.756
268.492
261.417
264.205
264.57
265.481
