210.108
202.012
211.168
201.796
201.308
215.575
214.579
217.669
215.104
226.072
216.177
228.849
228.959
215.443
219.633
229.391
211.293
209.676
209.128
212.895
209.067
217.813
207.05
216.3
209.729
209.723
218.424
208.198
208.325
209.138
208.813
208.396
208.271
208.58
209.361
208.989
209.401
207.305
208.302
209.106
208.635
209.088
210.139
216.515
207.932
209.413
208.773
215.472
217.922
209.343
211.409
216.918
206.989
214.566
219.192
218.799
235.266
233.689
233.61
237.079
224.341
211.696
218.517
229.15
232.54
209.528
214.051
247.855
216.128
209.512
218.786
221.315
209.634
209.802
209.172
210.083
210.35
210.22
208.721
210.208
209.821
210.713
209.514
209.983
209.776
219
209.374
208.49
209.654
210.013
218.199
207.516
208.812
209.434
209.331
208.726
208.77
209.833
209.5
210.002
