514.524
519.377
522.079
508.611
513.798
516.143
514.022
515.317
515.343
514.097
514.51
515.591
515.539
515.679
515.045
514.162
522.786
455.388
381.762
322.275
318.956
330.759
331.072
332.602
333.958
333.368
341.648
353.194
344.764
341.824
341.683
330.015
332.567
331.441
330.373
331.438
345.318
407.004
403.647
395.479
395.105
355.644
349.451
360.203
407.521
411.758
412.424
375.46
370.226
345.229
344.867
363.803
347.873
342.391
342.478
350.638
334.117
335.968
333.73
335.01
336
341.05
333.268
334.257
333.109
340.632
343.685
340.918
342.718
334.057
343.701
340.552
344.448
341.999
344.05
340.768
341.361
342.547
344.511
341.884
342.154
344.682
342.854
343.057
343.72
342.628
344.647
344.47
343.062
342.878
343.993
342.024
345.863
344.277
342.228
345.817
343.491
343.104
341.338
343.899
