209.177
209.859
205.606
209.005
203.47
220.931
220.253
209.011
207.467
235.946
214.756
218.975
221.474
205.892
212.214
218.176
218.223
218.385
207.562
222.168
210.676
204.758
206.306
208.679
210.525
209.86
204.967
236.717
215.782
211.3
206.893
226.965
207.736
208.167
204.022
203.587
210.822
208.173
208.135
205.262
221.278
230.473
211.006
196.104
178.438
183.405
182.398
177.633
181.674
179.153
182.547
180.005
181.193
178.936
177.435
174.717
180.063
179.939
181.669
180.863
178.12
181.244
180.88
181.129
182.568
174.749
179.397
179.005
180.022
180.153
182.24
173.838
180.208
183.223
180.835
180.683
180.497
180.74
181.639
182.106
184.815
175.748
179.361
179.026
180.789
186.798
178.378
182.233
180.403
181.46
189.071
180.83
182.861
186.768
200.41
189.346
189.033
183.342
202.896
210.904
