395.578
394.294
394.627
397.719
394.306
394.213
392.905
393.16
401.253
394.259
394.89
394.961
393.957
395.176
409.094
394.928
400.11
399.407
411.464
393.093
407.315
401.095
388.115
338.626
293.021
280.48
277.717
287.013
283.906
277.859
275.951
277.974
276.501
278.564
277.015
278.163
277.9
277.908
288.503
285.406
278.742
276.39
285.275
277.582
278.115
278.003
277.928
279.163
278.239
280.478
277.605
279.758
278.451
278.293
277.774
278.83
279.681
279.339
285.668
277.818
278.141
278.827
279.162
278.217
279.712
279.07
280.494
278.619
278.871
278.364
279.058
278.822
287.128
278.328
276.998
279.065
276.825
278.939
277.37
278.728
276.969
278.738
278.917
277.821
279.534
277.022
279.883
277.479
287.941
282.595
283.174
278.556
279.494
279.417
278.628
280.221
278.892
287.552
284.737
278.401
