359.79
356.16
356.236
355.587
354.257
354.587
354.921
354.515
354.393
354.323
360.859
354.44
354.079
353.58
354.11
354.363
354.747
354.626
354.068
354.099
363.02
361.35
360.621
354.098
357.094
315.711
271.155
263.255
264.807
263.967
256.49
257.869
259.637
263.338
255.01
257.395
263.504
257.532
257.509
264.355
255.639
257.308
255.783
256.74
255.931
257.363
256.217
257.642
265.364
257.777
256.672
258.268
255.543
262.566
263.691
256.934
257.441
258.288
301.116
290.752
274.742
284.152
308.526
310.416
306.02
315.167
302.186
286.979
271.104
304.549
304.902
307.715
293.035
272.102
272.328
271.998
264.323
267.257
264.223
258
258.656
266.76
258.293
258.321
260.454
259.382
258.781
258.582
266.708
268.583
270.741
269.996
270.226
287.409
280.45
304.086
271.173
276.143
267.071
274.413
