241.126
239.327
232.778
232.481
232.566
232.431
232.503
232.486
232.545
232.842
232.152
232.426
232.49
232.182
232.37
233.932
232.496
232.932
232.346
232.838
233.322
238.314
239.794
237.59
251.592
239.211
257.295
246.559
264.745
238.358
245.174
239.324
239.759
238.564
242.517
237.29
236.643
212.923
204
208.905
205.559
200.953
209.013
204.306
206.179
292.961
257.359
291.586
243.987
241.641
292.254
218.763
207.699
237.783
242.883
272.16
253.8
224.163
205.628
217.447
208.024
205.739
207.206
203.054
206.821
208.387
203.143
206.08
207.109
214.623
204.183
197.354
202.1
198.541
202.972
199.058
201.525
220.477
212.032
209.212
209.736
225.363
218.868
210.764
242.968
224.085
204.907
222.061
201.187
221.746
209.334
208.11
210.079
213.837
216.43
212.927
213.657
204.083
204.876
203.432
