263.958
267.441
259.258
267.479
273.65
265.965
265.234
260.787
264.884
260.139
267.39
259.367
259.472
259.445
259.595
259.826
266.566
259.284
266.901
265.561
266.804
260.173
259.453
259.673
259.51
261.146
267.477
264.138
268.119
261.192
262.443
277.436
261.546
255.938
240.377
236.619
217.819
219.144
236.958
230.657
213.933
221.969
215.537
224.312
219.623
227.532
218.638
235.69
218.371
216.045
217.138
248.844
219.175
215.387
220.676
276.812
221.426
220.276
220.55
242.582
222.273
232.284
248.787
243.43
212.952
242.831
220.176
240.022
223.907
222.098
222.537
226.232
221.808
219.636
224.257
213.902
221.76
221.31
214.487
226.36
225.661
219.771
229.802
237.843
214.181
215.603
220.483
211.994
218.268
207.63
217.009
211.911
216.714
217.891
220.502
223.524
219.701
217.343
222.413
220.084
