215.5
209.493
214.425
212.305
222.968
216.33
213.053
221.443
226.581
234.141
215.509
224.89
212.452
213.943
218.427
211.752
220.626
212.054
215.797
209.252
208.512
208.736
208.549
208.862
208.778
210.549
213.411
212.858
210.681
222.386
215.019
216.835
217.539
212.319
208.695
215.434
217.139
214.574
211.257
227.901
218.261
202.7
188.067
184.452
185.199
188.682
185.14
178.238
179.158
183.845
184.087
185.011
184.77
179.145
185.628
182.848
182.737
178.756
184.913
182.437
184.365
186.846
176.746
185.109
184.861
183.838
185.16
183.392
184.041
184.61
182.129
187.387
197.22
184.159
201.52
234.439
225.336
207.297
207.72
217.527
211.645
212.811
182.61
188.948
190.562
190.31
211.133
199.893
184.836
216.563
194.699
191.233
181.236
180.828
215.122
202.201
182.309
192.554
187.96
189.327
