260.087
261.327
270.916
262.869
262.746
260.499
262.004
261.303
261.071
260.242
259.173
260.856
262.035
258.89
258.315
254.436
263.97
260.335
260.395
260.131
259.011
258.922
260.381
258.37
255.812
258.742
263.37
262.45
262.035
258.899
263.45
262.481
263.345
261.382
250.059
213.592
214.71
214.07
215.444
212.832
215.374
221.636
215.761
232.836
221.944
216.788
212.682
218.931
216.758
216.323
217.417
226.953
237.297
221.047
210.469
217.672
215.497
218.443
216.431
207.511
207.659
203.925
213.997
211.391
213.971
213.727
208.049
215.777
219.412
211.27
241.898
217.846
214.824
221.087
219.162
214.878
216.433
212.753
226.113
216.345
218.345
213.917
227.596
211.243
220.041
217.507
217.025
215.44
217.557
213.911
211.366
214.786
203.405
206.12
208.092
209.804
215.973
212.241
211.041
215.966
