338.737
333.996
333.685
340.845
333.741
333.993
341.929
341.552
340.516
338.102
333.353
333.704
333.708
337.19
336.227
333.401
333.594
333.562
332.771
342.615
343.754
341.662
339.617
339.85
355.066
340.896
335.529
293.363
273.995
239.237
212.17
238.489
244.101
244.46
252.691
242.097
251.955
243.26
244.424
244.015
244.944
243.646
244.89
244.776
245.284
245.027
244.375
252.646
251.657
252.234
243.527
252.856
243.297
252.111
242.726
245.522
243.807
245.482
243.825
245.772
250.819
253.956
243.84
247.188
250.053
251.931
243.456
246.608
245.114
246.582
245.223
246.731
261.635
253.687
243.847
246.932
245.588
246.867
246.489
246.175
246.601
245.737
246.941
245.303
247.051
245.368
246.64
246.619
246.944
246.126
246.484
245.613
246.801
251.271
243.31
254.21
245.648
247.333
246.493
247.041
