195.476
182.141
185.307
181.393
180.336
179.587
180.974
180.085
180.794
179.984
179.654
181.373
179.644
181.881
179.104
179.024
181.102
179.634
179.833
181.75
179.989
179.835
180.532
179.739
179.765
182.046
179.658
180.048
179.628
194.307
195.149
189.551
196.085
182.304
213.947
206.876
187.968
217.882
183.028
186.924
238.282
193.84
187.3
184.45
185.227
222.224
183.559
194.962
177.409
245.214
161.435
200.279
162.361
163.975
163.635
167.995
168.969
169.27
165.89
173.229
185.813
171.632
165.466
174.071
169.756
159.901
162.356
169.021
169.641
163.128
168.22
208.808
226.57
266.857
164.192
170.009
207.959
223.052
217.151
206.849
208.865
253.436
177.054
163.997
165.074
166.344
165.304
162.794
194.257
180.292
173.199
167.401
196.217
174.545
165.683
173.09
168.46
164.116
198.779
177.191
