222.67
211.763
206.257
244.652
223.847
221.578
218.783
227.072
224.855
216.514
275.604
224.97
215.8
214.784
218.042
249.408
221.938
209.818
224.372
209.203
208.592
218.328
212.487
267.701
211.958
215.038
215.007
217.526
218.692
212.2
221.288
218.734
274.849
232.138
216.372
265.442
213.922
214.698
223.736
225.938
228.897
244.531
210.599
248.94
177.343
185.002
191.625
180.412
180.983
184.574
180.724
184.562
184.969
191.196
186.482
184.978
184.765
180.676
184.019
186.901
207.792
179.059
180.87
185.095
183.285
192.745
177.881
182.751
187.088
187.138
181.209
187.961
180.254
185.142
177.404
190.85
182.915
184.963
176.206
183.228
186.878
186.312
188.858
182.959
185.922
178.385
179.872
178.881
186.542
186.968
178.61
185.297
182.518
185.908
178.838
183.958
185.456
180.963
188.862
193.047
