523.435
524.684
519.544
538.218
530.122
522.743
524.172
526.427
520.033
521.697
526.925
532.403
529.404
527.541
523.296
519.25
519.617
458.415
378.411
335.441
315.008
319.614
339.811
346.84
340.187
341.643
348.432
339.429
341.883
340.572
346.864
349.628
357.112
386.286
395.769
371.316
381.821
379.921
353.883
353.311
385.478
362.525
343.993
341.466
341.336
377.937
371.227
370.023
345.295
384.106
384.644
345.933
348.55
348.09
349.388
361.576
358.887
349.775
350.377
350.72
339.756
350.948
341.199
356.293
359.86
359.37
345.143
356.022
357.361
360.617
350.806
427.299
401.975
367.234
349.81
353.74
359.979
366.671
351.421
343.854
341.134
343.133
343.983
355.025
370.208
360.444
364.44
350.46
355.661
355.35
364.562
352.829
366.68
365.654
365.732
376.525
347.538
359.46
363.107
368.336
