265.483
266.436
268.234
267.647
266.781
268.313
267.067
269.111
261.882
261.261
269.584
265.156
263.096
263.336
268.303
261.413
272.993
271.114
268.883
267.985
266.879
269.638
267.266
268.46
268.639
267.641
265.914
268.298
266.904
267.207
264.764
265.714
265.536
268.28
235.984
219.715
228.329
229.501
219.122
220.027
217.352
223.021
225.419
219.312
220.497
234.27
219.302
223.719
224.257
213.522
223.699
232.026
218
253.309
219.892
221.436
213.226
220.857
219.052
222.014
215.357
220.659
219.346
216.919
216.872
215.232
217.101
216.836
214.585
214.839
214.413
215.492
206.691
217.198
215.747
212.951
220.856
212.357
222.378
220.464
220.553
225.59
245.571
229.518
235.772
277.835
218.577
222.999
213.387
224.157
219.95
218.487
234.033
223.457
218.917
223.14
213.114
220.971
219.836
212.719
