273.959
212.178
206.376
210.654
208.147
204.526
211.703
211.951
243.852
207.703
219.076
203.967
205.862
214.749
218.355
209.746
212.755
208.217
207.003
230.068
209.555
215.289
205.591
205.422
206.338
218.792
213.834
203.499
202.763
205.67
252.355
209.073
204.55
202.253
210.357
223.481
206.112
206.428
207.561
210.805
211.396
194.934
181.004
177.932
183.882
191.37
178.639
203.549
183.431
185.843
183.448
181.983
180.327
181.276
178.742
177.513
182.887
178.601
188.959
174.651
176.28
179.46
180.952
180.921
177.957
206.517
195.585
178.516
209.959
198.289
178.784
176.654
179.051
179.91
183.901
180.251
180.086
172.498
178.124
179.87
171.22
172.897
184.757
171.858
175.527
177.528
175.512
179.032
180.002
177.738
177.053
181.874
174.194
180.606
178.793
175.666
179.244
177.853
178.324
171.664
