183.962
178.23
179.226
185.263
187.623
236.654
195.85
182.477
170.648
229.468
246.095
170.817
169.467
173.739
171.697
171.205
171.398
176.538
179.231
174.792
173.121
171.768
174.716
173.267
237.553
233.482
181.099
177.35
173.753
173.356
184.113
223.129
200.115
231.012
190.583
187.787
225.855
208.509
174.139
173.601
173.309
181.806
219.242
175.988
188.492
174.035
171.453
171.558
183.552
167.428
166.328
162.24
161.503
162.624
160.168
174.704
188.638
162.258
159.626
164.528
164.691
161.142
157.777
159.045
170.288
208.465
160.1
161.122
171.604
171.92
163.007
160.97
156.452
155.179
156.465
154.549
153.646
158.245
166.498
152.998
153.292
155.396
154.942
152.852
155.676
155.174
154.281
153.679
155.932
165.778
152.202
156.213
154.107
152.074
157.067
154.914
153.226
156.093
153.729
153.71
