314.788
313.409
347.839
307.22
317.869
308.937
339.292
329.312
316.979
312.211
335.643
309.577
304.443
307.197
302.166
302.699
302.29
310.758
305.141
302.841
305.203
307.208
303.616
304.708
303.012
305.975
303.314
305.498
299.464
266.611
248.967
238.974
237.647
235.504
226.907
227.075
235.944
235.347
228.295
236.794
239.761
234.093
237.32
225.242
237.68
233.812
229.293
227.407
226.854
238.183
239.774
239.821
247.194
228.599
262.345
234.525
238.264
233.21
239.62
245.799
237.081
268.904
262.244
256.299
302.296
241.33
242.476
238.172
231.542
250.135
259.253
235.725
247.564
257.055
255.141
249.746
187.491
243.582
239.495
242.922
233.241
229.791
242.572
236.466
230.552
234.732
239.018
237.731
238.632
231.717
237.61
233.484
227.728
235.804
255.585
248.081
289.586
283.871
272.024
292.287
