160.408
154.224
151.394
160.488
153.129
175.245
174.062
175.368
173.06
176.141
176.399
174.669
175.88
174.079
176.598
176.443
175.766
175.031
173.358
174.151
178.491
168.647
175.402
177.712
175.366
180.949
174.068
173.24
175.832
177.262
176.792
175.368
176.727
179.052
175.217
176.654
177.413
174.682
177.252
177.144
176.001
175.522
176.656
175.401
175.579
176.844
176.468
175.97
174.471
176.282
175.08
175.275
177.849
175.623
173.394
177.858
177.644
175.437
177.244
178.163
174.912
176.63
179.1
166.858
177.531
174.891
178.45
179.351
181.079
167.623
175.731
174.558
177.837
175.615
177.481
177.701
175.143
176.114
176.957
177.869
166.658
179.142
177.707
178.183
177.451
178.388
175.651
177.618
177.684
176.581
175.977
177.808
176.922
177.743
177.042
177.298
175.413
176.789
178.649
175.871
