204.165
209.899
201.946
201.82
203.037
209.871
216.151
207.987
212.596
216.19
221.219
214.737
220.387
222.445
223.723
218.485
215.401
224.014
213.946
219.92
210.673
215.58
207.209
213.016
207.426
207.65
208.253
207.533
207.834
211.741
215.65
218.983
208.427
208.723
209.524
208.23
217.919
217.835
207.844
208.84
217.116
207.139
212.158
216.687
211.814
214.558
219.68
218.671
226.763
243.745
228.404
214.429
219.201
219.178
209.007
209.66
209.302
210.141
210.182
209.971
209.383
210.649
209.457
209.894
210.496
209.792
210.278
208.909
210.179
209.471
210.985
210.453
208.976
210.498
210.021
209.103
209.986
209.377
211.133
209.85
210.052
210.096
210.107
210.256
210.367
211.246
209.727
210.692
209.452
210.095
210.228
209.592
210.509
210.637
210.28
210.663
209.159
210.718
210.242
216.581
