275.74
268.554
267.798
268.937
267.961
276.802
277.496
273.52
273.608
268.893
269.018
279.681
280.195
278.572
278.921
269.233
273.656
272.791
277.473
275.282
273.913
272.979
282.371
273.741
278.019
282.97
280.97
274.18
268.184
278.245
313.352
274.536
276.561
243.573
245.019
238.535
245.072
262.525
282.911
242.032
234.59
257.8
239.193
245.216
240.269
223.61
228.846
227.023
227.237
227.771
228.76
227.11
226.49
221.46
224.77
222.216
223.839
222.343
223.044
224.174
221.152
224.882
221.865
222.764
219.239
224.445
223.604
223.616
223.413
222.119
223.446
221.963
222.254
223.456
225.644
223.69
223.722
224.749
222.812
223.789
223.741
223.334
223.822
215.516
226.629
223.829
225.054
223.084
224.722
222.705
224.37
222.633
221.964
225.061
223.765
223.949
225.138
224.459
224.742
223.724
