608.045
630.073
620.47
610.86
606.703
609.294
604.182
606.407
609.278
627.619
607.748
607.746
608.551
603.478
603.03
618.032
613.214
604.152
604.959
603.809
604.231
608.706
605.483
623.507
612.731
611.042
607.196
603.207
603.289
603.72
603.125
603.269
603.567
602.885
603.247
603.551
602.84
603.089
603.312
603.257
603.137
603.56
607.234
612.553
603.292
603.265
604.224
603.576
605.671
613.231
602.9
604.475
602.937
602.732
603.054
603.136
604.353
602.523
612.05
602.736
613.157
602.702
602.814
612.965
612.411
613.099
604.532
611.207
602.551
603.271
603.078
602.864
602.307
616.858
607.38
610.446
610.479
615.216
604.019
603.395
602.702
602.724
602.981
608.121
615.399
602.407
603.731
608.117
610.131
609.637
615.689
608.625
620.368
613.368
626.815
603.029
604.141
604.047
603.957
603.946
