409.683
413.64
411.58
410.352
427.863
408.384
406.666
409.964
422.63
421.729
414.921
412.971
411.527
413.58
406.342
410.573
406.402
417.406
408.272
409.914
409.713
415.974
363.266
318.526
274.65
272.298
317.021
328.02
298.446
304.623
308.669
314.044
355.985
312.95
300.808
298.771
303.882
295.871
325.112
342.352
313.505
314.8
300.893
309.57
346.427
309.619
295.283
315.486
351.57
308.33
361.387
308.551
302.384
365.274
319.018
315.371
355.115
343.048
314.12
349.594
341.246
306.499
377.56
323.343
329.317
341.185
334.755
314.408
314.454
356.415
344.981
320.899
331.789
303.431
319.362
349.727
303.514
349.393
327.47
341.407
326.354
353.966
325.583
333.765
326.241
322.783
304.248
293.539
295.428
292.024
307.347
318.213
360.047
311.769
342.805
320.355
337.715
315.839
309.653
302.643
