210.057
200.655
199.085
202.799
216.661
208.901
215.186
208.307
242.457
229.326
217.133
224.412
211.03
211.929
208.819
203.015
211.96
212.867
203.292
198.758
199.169
199.09
201.173
207.035
213.556
199.199
199.358
199.29
199.972
201.34
199.74
215.205
200.853
214.55
200.883
199.851
203.112
198.185
199.109
198.631
198.537
200.388
213.575
194.643
177.173
173.29
171.72
189.322
176.872
171.928
171.237
172.185
169.497
171.24
171.931
177.704
169.933
171.108
168.464
170.602
172.221
170.413
173.495
180.392
181.991
172.781
183.053
169.149
170.49
169.787
173.129
180.896
170.798
171.334
175.928
169.727
171.774
173.502
169.604
170.38
173.987
169.6
171.861
177.131
174.371
170.573
178.26
180.197
174.985
179.997
192.578
204.641
190.814
238.394
237.628
171.953
179.832
181.99
171.194
173.824
