1019.17
1015.18
1014.57
1014.43
1014.15
1020.98
1021.36
1017.74
952.617
673.708
626.526
618.629
626.129
642.145
623.28
616.016
635.602
616.421
616.202
615.895
639.077
666.548
625.276
627.292
616.936
622.012
642.608
642.674
618.631
621.934
621.225
622.803
689.439
632.37
616.905
617.943
617.519
616.858
618.922
621.246
619.292
642.836
627.874
638.944
708.961
616.153
626.177
624.484
617.243
616.566
616.114
616.8
617.11
616.433
624.913
651.25
648.246
628.69
620.967
616.327
616.678
616.488
698.057
632.192
616.355
636.321
688.417
636.069
619.05
617.418
617.512
622.202
620.109
630.659
665.458
655.667
626.728
682.043
721.679
674.094
679.26
626.35
644.526
684.277
615.704
628.158
677.763
696.75
673.289
695.48
691.034
619.865
616.035
615.956
616.32
616.472
626.054
627.526
627.615
625.955
