234.063
229.508
241.129
304.76
234.508
224.968
222.434
228.144
222.556
220.065
226.72
224.124
251.889
277.528
241.75
236.998
232.749
270.252
221.619
220.642
231.238
253.506
225.783
220.066
220.679
220.594
220.006
220.828
220.068
220.128
220.222
223.487
222.666
226.047
225.969
220.923
225.355
224.93
218.109
188.032
209.132
220.33
187.69
193.096
209.761
191.114
190.81
201.506
230.13
194.148
204.897
228.866
193.47
198.705
199.622
196.099
194.602
188.404
189.341
188.202
189.308
192.082
203.17
194.314
193.068
191.69
195.684
195.571
199.868
198.13
211.711
200.795
195.485
199.055
197.865
244.124
212.582
212.405
233.123
227.069
195.275
215.779
211.235
194.46
193.14
196.419
198.235
198.513
199.297
196.116
211.426
206.475
200.184
193.551
193.019
193.845
191.003
188.803
190.18
190.272
