217.43
216.339
218.615
217.502
217.933
216.202
216.674
236.459
230.313
238.483
222.435
215.471
222.609
213.649
235.227
212.492
219.431
211.619
216.919
213.173
226.637
214.147
212.256
218.037
216.67
216.316
217.74
212.887
212.032
218.7
224.861
214.252
248.141
223.848
217.216
228.623
231.413
212.135
212.733
214.884
199.817
192.104
191.174
185.849
203.308
199.911
200.063
186.208
195.693
186.469
185.688
186.986
186.267
181.75
182.182
180.68
182.494
182.191
181.735
182.276
183.384
182.536
182.777
181.434
180.647
181.564
181.116
181.072
181.497
181.132
181.491
181.771
180.302
187.636
181.076
180.86
181.394
181.025
181.549
181.642
181.403
181.101
181.611
181.013
180.938
184.37
184.063
181.209
181.279
180.793
181.673
181.939
180.575
181.867
192.37
186.771
180.226
181.777
181.049
181.519
