127.584
122.552
121.97
126.273
131.985
145.995
150.826
146.925
161.335
146.909
144.444
165.112
185.187
193.122
147.221
170.265
151.824
153.715
148.842
153.044
143.661
158.123
142.857
147.674
152.821
140.967
149.752
149.383
141.186
149.476
141.508
146.633
142.603
153.495
145.013
151.601
176.302
191.447
174.362
144.781
144.323
146.073
182.849
160.479
142.253
149.464
215.552
177.808
148.377
152.573
144.563
150.242
147.629
150.323
146.191
159.709
172.777
144.118
173.157
145.271
175.947
143.574
145.422
147.83
146.638
149.554
150.029
147.28
153.998
162.325
149.441
144.073
157.385
142.585
150.95
148.108
142.05
149.672
151.978
149.054
144.504
143.307
150.151
147.519
142.997
152.891
143.624
146.549
144.147
144.329
142.683
143.629
144.676
144.216
142.561
144.327
144.565
143.772
143.509
144.143
