153.048
155.564
160.201
160.644
152.576
166.516
175.437
175.094
175.684
176.754
176.736
173.948
175.393
175.413
176.568
176.983
176.917
175.107
176.839
177.732
176.659
175.197
177.507
176.959
176.086
173.636
176.39
176.122
176.876
177.336
176.951
176.806
176.818
178.516
174.266
177.103
178.054
175.011
172.803
172.787
178.944
183.876
172.28
170.961
189.033
171.074
193.624
184.617
177.451
184.681
168.188
172.737
178.323
174.303
178.677
178.6
172.515
178.717
175.705
173.479
195.689
171.201
176.354
168.721
176.514
174.55
168.619
167.116
168.493
168.835
169.699
168.278
167.302
176.682
166.633
168.205
177.399
175.463
166.614
168.806
167.303
167.988
177.369
175.605
175.618
176.339
175.871
168.149
168.558
168.133
168.488
178.271
167.018
167.086
176.281
167.933
170.533
168.323
167.39
169.861
