984.379
990.795
982.83
990.097
980.502
980.473
980.434
980.505
991.295
991.194
980.329
980.467
980.662
980.84
980.441
980.306
980.754
980.83
980.58
980.985
980.569
980.582
980.643
980.854
981.166
980.781
980.55
980.616
980.616
982.661
980.976
980.612
980.664
980.74
980.917
980.571
981.134
980.859
980.964
980.971
981.322
980.51
980.493
980.888
980.497
980.929
980.715
980.618
980.689
980.604
980.829
991.23
991.383
991.062
981.019
980.425
980.712
980.541
980.782
980.586
980.172
980.519
980.714
980.275
980.623
980.625
980.484
980.407
979.802
980.205
980.086
980.473
980.178
980.238
980.677
991.233
989.998
980.631
980.328
980.657
980.586
980.673
991.801
980.868
980.449
980.752
980.326
980.47
980.807
980.407
980.46
980.441
980.489
980.76
980.588
980.706
982.214
990.211
980.218
980.339
