1016.82
1020.41
1018.79
1020.83
1019.66
1019.18
1018.08
1017.41
1008.36
1018.31
1008.59
1009.14
1009.2
1008.94
1008.86
1017.81
1008.71
1008.91
1008.01
1019.25
1039.22
1018.27
1008.01
1008.48
1009.9
1008.37
1019.46
1009.64
1009.71
1009.45
1009.52
1009.92
1010.39
1009.53
1018.9
1018.54
1008.61
1008.14
1008.7
1008.65
1008.54
1008.72
1008.68
1008.36
1018.43
1019.37
1010.08
1018.74
1008.62
1008.87
1009.3
1008.99
1008.54
1008.53
1009.06
1008.25
1008.94
1008.57
1008.35
1009.53
1009.79
1019.82
1009.83
1009.63
1010.99
1010.08
1010.53
1018
1019.33
1008.62
1008.7
1008.42
1009.05
1008.96
1009.94
1008.45
1008.73
1008.78
1009.93
1018.21
1019.66
1010.07
1009.87
1009.73
1008.13
1018.38
1007.97
1020.2
1009.47
1009.69
1009.89
1010.55
1010.88
1015.6
1013.81
1019.17
1009.87
1010.09
1010.01
1009.89
