178.01
172.465
167.849
203.459
214.911
204.175
247.029
207.507
228.437
220.838
208.979
208.506
204.189
206.966
210.224
223.835
223.045
205.655
203.721
214.876
206.582
215.323
220.781
215.501
205.19
204.272
206.169
221.94
205.379
220.615
202.097
216.149
207.315
207.08
213.676
209.325
235.596
200.623
203.966
199.892
201.629
202.008
199.786
202.123
202.48
200.386
202.657
200.088
201.969
200.754
200.382
202.399
198.541
202.467
200.86
200.255
201.995
201.535
202.756
201.497
200.205
201.474
200.462
201.507
201.222
200.189
202.361
200.971
200.891
205.541
200.209
200.948
201.367
200.065
190.227
200.491
201.093
201.434
200.228
201.904
199.537
201.425
202.242
199.544
202.423
200.14
201.056
203.242
199.424
202.608
200.91
203.335
203.015
199.513
202.301
201.664
200.177
202.935
199.868
192.581
