847.271
840.932
828.997
876.807
865.027
822.632
862.307
868.53
862.097
869.534
855.243
878.123
859.557
864.138
890.169
872.641
868.852
877.674
873.477
874.887
877.549
880.434
884.817
884.582
902.48
875.52
877.076
872.492
866.762
876.488
869.145
880.125
872.949
878.35
868.677
859.812
881.031
875.563
866.803
874.965
862.789
874.148
870.285
866.489
886.098
865.759
874.805
879.377
869.195
858.762
875.009
857.869
863.782
873.55
856.731
866.293
879.507
874.589
869.553
871.167
853.35
875.591
872.09
877.802
931.536
913.58
935.528
944.886
946.598
923.878
851.775
839.489
854.021
868.897
849.393
850.165
892.516
908.357
912.664
891.43
917.602
903.202
917.189
909.632
913.554
853.035
850.506
852.322
839.804
858.02
859.119
850.701
884.728
924.512
946.675
916.686
907.46
913.866
916.133
909.908
