600.034
597.939
596.611
564.223
602.129
602.863
601.853
602.019
598.864
598.414
597.075
596.816
605.429
595.776
592.534
594.728
593.215
593.804
594.559
594.038
593.543
592.198
592.303
594.06
591.707
592.094
593.103
594.212
594.162
594.325
592.538
596.451
595.843
594.659
592.975
593.657
591.433
592.101
591.552
591.121
590.846
592.644
589.643
592.268
592.154
592.193
592.194
591.891
591.366
591.116
591.91
591.444
592.58
590.891
592.9
592.618
592.557
591.775
592.589
591.65
591.515
591.969
592.371
591.673
582.942
596.88
592.554
591.686
590.062
591.822
592.853
590.775
590.017
591.539
591.893
595.229
601.148
597.527
595.671
597.453
596.24
596.774
596.444
596.163
595.539
599.848
598.613
596.101
597.434
597.818
596.342
597.409
597.114
597.002
596.954
595.853
597.604
596.988
596.943
595.71
