1396.03
1390.44
1385.66
1316.75
1388.14
1387.08
1387.04
1401.96
1383.61
1385.65
1390.52
1385.41
1386.29
1387.22
1385.35
1387.61
1389.35
1385.26
1386.6
1385.1
1386.6
1388.1
1378.89
1386.53
1386.33
1390.62
1387.37
1386.53
1383.05
1395.18
1386.04
1377.14
1391.89
1393.04
1386.34
1392.07
1394.55
1391.53
1389.48
1390.26
1390.51
1394.65
1391.33
1390.83
1391.24
1392.7
1394.05
1384.24
1387.24
1391.57
1389.02
1392.98
1392.17
1384.89
1389.96
1393.43
1391.66
1389.65
1392.74
1391.5
1386.64
1388.25
1394.95
1391.04
1392.72
1391.48
1390.63
1389.35
1392.56
1394.43
1391.07
1391.53
1393.41
1370.71
1391.64
1390.2
1388.33
1392.47
1393.54
1385.18
1393.42
1385.9
1391.78
1384.77
1381.69
1391.03
1393.76
1391.55
1384.72
1389.16
1389.7
1392.99
1391.45
1392.08
1390.64
1390.53
1390.97
1390.17
1391.65
1392.54
