409.242
410.148
406.352
408.18
408.651
409.375
406.9
409.298
421.733
427.055
423.753
433.814
455.985
452.782
398.649
353.359
336.93
338.165
343.803
334.108
339.129
322.218
315.417
315.886
316.618
322.763
315.729
316.867
318.636
323.724
313.381
323.768
319.028
318.128
315.524
322.7
320.43
316.576
316.492
320.922
325.933
318.958
317.948
314.568
314.457
312.724
315.814
313.095
315.083
319.281
320.845
316.232
315.548
315.133
317.752
314.863
317.863
315.017
314.201
317.211
314.586
314.162
321.601
318.765
316.982
319.639
315.144
316.895
320.886
316.049
316.235
321.061
315.648
318.013
315.91
321.407
316.164
317.76
320.32
323.964
317.016
337.465
319.233
319.246
315.282
310.52
308.743
313.216
308.732
308.65
326.263
318.295
318.463
314.931
315.236
320.694
316.559
317.573
318.175
316.723
