2419.52
2417.22
2419.61
2423.96
2417.62
2319.16
2421.17
2417.76
2417.63
2415.48
2418.44
2417.04
2419.78
2418.01
2417.51
2327.38
2322.75
2325.74
2325.85
2322.25
2325.94
2322.14
2326.44
2321.49
2320.94
2321.48
2321.8
2323.57
2316.61
2316.23
2326.23
2318.4
2315.31
2315.61
2313.81
2318.72
2316.39
2314.17
2317.64
2314.44
2316.18
2315.28
2259.61
2253.2
2252.94
2253.62
2255.14
2253.07
2253.47
2254.68
2254.87
2252.56
2252.39
2252.26
2305.6
2256.74
2284.35
2316.64
2313.27
2313
2313.86
2313.74
2313.34
2314.78
2315.09
2314.01
2313.85
2313.06
2313.85
2313.71
2314.58
2314.16
2314.3
2314.2
2313.29
2313.96
2315.03
2315.51
2313.28
2325.91
2321.01
2322
2324.19
2322.43
2321.08
2322.28
2320.77
2323.54
2321.99
2322.79
2319.83
2322.79
2320.66
2321.06
2328.18
2320.36
2321.52
2321.65
2325.81
2323.23
