330.233
328.949
329.127
332.895
332.886
328.819
337.352
333.052
337.243
339.197
342.03
336.056
343.53
338.954
339.28
341.587
345.549
341.211
335.809
332.809
333.028
333.668
332.889
333.063
332.917
333.159
333.229
332.801
333.363
333.365
332.979
333.422
333.649
332.989
333.386
336.998
336.341
333.722
333.737
333.145
333.501
333.813
333.669
333.866
333.867
336.726
336.639
333.921
333.316
337.951
335.7
335.316
335.826
335.583
335.856
335.684
335.93
339.719
336.362
336.986
337.349
336.625
336.902
337.211
336.781
336.98
337.471
336.871
337.492
337.7
336.87
337.994
337.795
336.883
337.71
337.451
336.985
337.912
338.532
334.71
335.805
335.992
335.016
336.009
336.135
338.039
337.796
339.959
337.446
337.414
337.737
337.784
337.35
337.633
338.122
337.097
337.842
338.51
342.052
337.489
