1125.19
1120.25
1097.96
1090.75
1105.9
1098.89
1092.1
1092.02
1091.83
1102.48
1092.46
1092.47
1092.09
1091.91
1092
1092.19
1092.54
1093.62
1091.54
1092.42
1093.46
1092.77
1091.93
1092.27
1093.02
1093.97
1091.77
1093.08
1091.43
1101.28
1091.49
1091.83
1092.6
1091.71
1091.48
1091.28
1090.78
1093
1092.08
1091.71
1090.24
1091.57
1090.61
1091.26
1091.67
1092.9
1090.9
1091.67
1091.36
1091.75
1091.58
1098.46
1090.91
1100.11
1090.94
1090.48
1090.66
1090.09
1090.81
1101.62
1091.98
1100.99
1115.35
1098.28
1091.65
1091.58
1090.34
1090.49
1089.72
1090.29
1090.8
1091.18
1090.47
1090.66
1090.81
1091.49
1092.86
1091.16
1090.42
1090.6
1101.37
1102.44
1092.63
1092.98
1099.98
1092.3
1089.97
1090.54
1090.76
1101.1
1090.67
1099.64
1092.7
1091.85
1094.51
1092.11
1092.72
1093.63
1102.99
1093.12
