2429.82
2543.33
2465.51
2478.79
2525.05
2534.94
2536.29
2534.56
2537.19
2524.17
2539.63
2536.92
2508.61
2524.87
2535
2537.06
2374.28
2526.22
2514.27
2532.79
2535.88
2552.11
2520.71
2543.46
2513.36
2526.92
2370.29
2537.35
2550.58
2541.59
2549.74
2537
2537.86
2524.04
2518.86
2535.47
2515.39
2525.7
2539.83
2537.31
2551.91
2538.77
2533.25
2535.46
2537.34
2533.97
2536.15
2534.28
2533.98
2511.65
2526.39
2537.88
2528.09
2532.28
2538.81
2537.72
2514.85
2520.25
2521.67
2533.68
2533.51
2537.39
2541.78
2533.23
2537.53
2539.75
2533.9
2537.38
2547.82
2535.47
2528.98
2540.05
2542.98
2527.14
2539.11
2517.57
2537.6
2529.83
2536.39
2539.35
2539.13
2538.02
2549.19
2543.09
2535.08
2514.76
2538.49
2539.16
2550.06
2538.22
2519.53
2539.64
2538.75
2537.05
2535.7
2519.21
2545.19
2528.5
2539.93
2538.62
