1221.4
1221.83
1230.54
1230.48
1220.55
1220.9
1220.22
1220.72
1221.11
1222.69
1220.5
1230.45
1221.09
1220.35
1220.78
1221.09
1221.72
1221.24
1220.61
1229.66
1221.29
1231.75
1224.61
1221.62
1221.9
1229.94
1231.5
1228.3
1232.52
1230.3
1231.15
1224.19
1221.04
1221.74
1222.45
1222.05
1220.35
1220.38
1221.1
1221.46
1222.14
1223.24
1220.81
1222.58
1219.81
1221.76
1229.66
1231.8
1222.51
1222.07
1222.18
1230.49
1230.73
1221.06
1221.49
1220.71
1220.36
1220.77
1220.97
1220.13
1220.54
1223.43
1220.22
1221.46
1220.77
1220
1220.54
1220.29
1220.84
1220.68
1218.33
1219.29
1218.23
1220.09
1220.22
1220.46
1223.54
1371.94
1351.54
1264.01
1240.8
1219.84
1231.02
1222.38
1230.85
1219.09
1220.33
1229.86
1229.03
1228.89
1219.87
1220.83
1219.76
1223.58
1219.35
1219.29
1273.59
1261.66
1263.26
1255.02
