249.05
250.614
250.241
247.313
264.93
272.839
267.954
271.243
266.587
270.357
274.417
267.562
269.656
265.807
265.485
264.449
266.499
266.39
266.994
266.718
264.445
267.422
265.952
265.809
265.355
265.526
262.117
263.779
265.369
265.052
264.697
263.691
265.798
266.712
266.574
265.356
266.189
268.331
264.322
264.465
264.122
266.512
266.618
264.423
264.628
266.858
264.807
267.3
264.443
273.304
265.814
267.76
267.642
268.28
268.139
268.193
268.08
266.876
266.666
267.045
268.719
267.78
266.857
265.097
267.456
265.263
267.536
266.602
266.483
265.18
266.754
267.312
269.291
267.45
268.945
267.924
269.113
268.402
268.732
268.388
268.13
267.266
268.506
269.139
267.975
269.045
267.99
267.494
266.337
269.787
267.821
267.001
267.018
269.248
269.665
269.582
267.702
267.907
268.965
269.554
