2336.85
2320.09
2385.98
2443.98
2464.39
2465.93
2455.99
2459.17
2456.34
2458.76
2458.28
2457.9
2459.2
2457.84
2457.76
2458.09
2460.06
2456.49
2458.5
2458.03
2455.58
2460.5
2450.59
2462.37
2460.04
2466.16
2461.36
2464.35
2470.15
2477.61
2439.61
2472.47
2473.09
2473.13
2470.93
2475.52
2475.61
2472.17
2472.17
2493.93
2475.22
2465.11
2476.71
2467.38
2451.39
2472.07
2479.99
2456.84
2441.19
2447.25
2451.01
2454.51
2446.43
2436.93
2438.92
2442.68
2445.95
2438.77
2442.14
2440.09
2445.61
2395.28
2447.46
2454.43
2441.68
2443.86
2441.18
2438.36
2462.24
2448.23
2441.76
2444.39
2444.17
2460.93
2440.9
2446.36
2444.95
2443.95
2462
2464.12
2452.55
2450.93
2446.3
2448.79
2449.69
2472.59
2476.02
2474.81
2477.18
2473.32
2476.16
2474.89
2474.2
2475.01
2374.9
2473.11
2472.57
2506.2
2455.48
2464.38
