623.839
623.733
622.787
627.542
631.754
631.082
631.796
632.06
631.214
632.458
632.595
632.981
631.91
632.38
633.802
634.862
635.156
634.938
635.082
634.433
635.82
636
636.298
635.181
637.875
638.148
637.26
646.267
640.223
638.805
637.777
639.201
654.144
638.98
638.52
639.4
639.867
640.479
640.364
640.884
639.953
640.436
640.835
641.105
641.178
641.727
641.433
641.824
641.639
642.468
642.048
642.247
642.664
643.075
643.237
643.577
644.119
645.289
644.375
645.81
644.205
644.729
645.275
645.705
647.055
645.956
646.903
647.673
646.853
646.214
645.451
647.107
647.169
646.739
648.17
647.654
647.523
646.964
647.563
647.302
646.379
647.668
646.343
647.158
647.217
647.016
647.258
646.893
647.912
647.4
647.981
647.45
647.36
647.214
647.644
647.596
647.241
648.289
647.428
649.131
