810.807
810.791
812.227
807.968
805.735
809.98
807.33
808.171
807.582
808.163
807.993
806.327
815.161
812.404
813.911
813.997
812.51
814.239
815.569
814.019
807.967
815.943
813.896
815.636
813.775
814.062
816.05
814.064
812.912
808.949
807.596
810.854
807.903
810.763
808.432
808.034
806.109
816.715
808.651
807.028
810.014
808.34
811.511
808.768
809.729
807.701
810.638
807.758
810.347
807.525
807.68
817.087
814.102
816.111
812.905
815.926
808.575
806.782
810.984
807.445
810.784
807.029
810.256
807.349
810.841
807.859
811.09
808.078
811.449
807.105
810.696
807.332
810.461
807.277
811.336
807.118
811.355
806.858
810.615
808.035
810.563
807.905
811.495
807.338
810.896
807.458
810.588
808.038
808.471
807.22
807.596
810.798
807.399
811.01
807.987
810.735
807.4
814.865
810.937
813.087
