3211.06
3170.23
2909.01
2060.37
2078.83
2072.84
2073.1
2078.38
2075.73
2075.62
2080.94
2070.05
2073.84
2077.02
2077.13
2087.7
2079.32
2078.44
2079.14
2076.07
2080.07
2076.89
2062.78
2081.71
2082.8
2086.87
2085.55
2083.37
2082.79
2080.82
2070.35
2055.54
2076.94
2063.02
2054.36
2052.98
2055.91
2052.59
2058.41
2059.78
2108.15
2079.17
2071.34
2077.55
2088.21
2084.71
2076.71
2083.7
2079.05
2079.78
2080.05
2080.54
2082.97
2086.04
2079.66
2084.62
2080.36
2081.03
2089.51
2082.99
2067.69
2083.81
2087.05
2087.13
2086.18
2091.09
2089.24
2086.13
2092.85
2090.78
2087.26
2089.89
2089.4
2103.05
2091.27
2087.38
2089.65
2097.76
2092.8
2089.25
2092.49
2092.55
2094.19
2096.04
2097.26
2131.76
1949.97
1937.4
1929.47
1922.43
1941.13
1925.1
1926.55
1924.03
1929.06
1924.61
1928.3
1939.35
1921.54
1941.3
