980.065
979.969
979.648
979.507
979.219
989.683
979.706
979.353
991.637
989.478
979.574
979.015
979.754
979.965
989.886
989.699
979.699
979.929
979.61
979.847
980.129
979.716
979.8
979.776
979.925
979.447
979.748
979.844
979.624
979.583
979.837
979.041
979.391
979.846
979.646
979.912
979.61
979.595
979.865
979.777
979.388
979.457
979.448
979.541
979.732
979.487
979.606
979.571
979.647
979.316
979.276
979.465
979.596
979.447
979.274
979.309
979.988
979.562
979.808
979.731
979.772
979.829
979.971
979.423
979.408
979.406
979.962
979.792
979.519
979.582
979.489
990.149
987.359
990.168
979.649
989.733
979.7
980.026
979.881
979.851
979.691
980.033
980.031
990.92
989.734
979.48
979.724
980.01
979.697
979.977
979.72
979.568
979.878
979.565
979.703
979.924
979.465
979.47
979.807
979.903
