345.722
335.758
336.846
346.519
351.841
350.05
349.846
350.399
352.172
350.514
349.558
350.463
350.589
350.069
351.86
352.806
351.188
351.64
353.681
350.252
348.309
352.052
355.606
355.171
354.546
351.695
350.423
352.827
356.506
354.668
353.92
348.409
354.553
351.925
352.612
352.277
351.881
351.711
352.568
352.149
353.919
353.783
351.737
354.018
350.515
352.701
354.543
353.186
354.927
355.311
353.429
353.985
355.252
353.85
353.77
352.057
352.335
354.131
358.249
354.104
355.63
355.272
353.812
357.23
354.8
355.832
354.876
354.657
355.129
357.253
355.429
354.988
352.481
353.803
354.245
356.5
352.935
355.509
354.771
354.418
352.758
355.92
355.435
354.072
355.93
356.019
353.448
353.811
356.654
353.456
354.763
356.504
355.212
357.151
358.762
371.413
355.39
355.389
355.801
359.154
