198.587
197.633
199.726
208.43
222.622
225.271
225.301
224.942
225.57
224.563
225.073
225.314
225.836
225.9
226.34
225.673
225.305
226.59
223.865
225.093
225.101
226.422
225.879
225.271
225.246
224.508
226.223
224.577
226.927
224.896
225.22
226.803
273.835
251.278
225.05
226.658
224.721
225.651
224.997
225.379
225.788
224.715
226.648
225.191
226.557
225.124
225.435
225.66
225.435
226.362
225.946
226.872
225.539
226.805
226.079
226.932
226.229
226.683
226.355
225.999
226.209
225.887
226.329
225.742
225.285
227.142
226.517
228.32
226.072
226.56
225.804
225.179
227.688
225.115
228.651
225.61
231.928
225.687
226.987
225.5
226.816
226.649
226.252
227.636
225.917
227.451
224.894
227.051
227.373
226.033
226.213
225.905
227.428
225.742
226.568
227.906
226.02
227.194
226.264
227.782
