2301.67
2404.56
2400.55
2395.41
2394.43
2398.56
2396.84
2397.98
2396.55
2395.05
2395.13
2397.48
2396.82
2400.01
2326.8
2319.52
2309.49
2302.71
2302.32
2303.05
2301.44
2303.83
2302.63
2303.3
2302.93
2302.81
2303.59
2304.03
2303.72
2301.97
2302.94
2301.4
2301.8
2305.94
2302.46
2303.74
2301.86
2302.32
2299.88
2303.55
2303.93
2303.01
2309.1
2403.88
2399.62
2398.53
2303.66
2300.43
2299.78
2299.78
2299.61
2300.78
2299.68
2299.49
2301.46
2266.18
2260.28
2259.96
2258.84
2262.09
2260.17
2260.02
2259.71
2260.49
2260.7
2260.21
2261.18
2260.13
2259.27
2260.27
2261.53
2260.05
2288.5
2269.88
2306.17
2301.18
2300.67
2301.36
2300.87
2301.5
2300.51
2301.45
2300.62
2301.09
2305.05
2300.82
2265.26
2260.29
2260.36
2260.23
