494.051
499.389
494.354
494.446
494.482
499.661
493.91
493.908
494.05
500.409
499.289
494.259
494.545
494.419
494.296
494.453
494.324
494.331
494.091
499.965
500.027
500.067
498.987
500.176
499.81
494.379
500.027
499.897
499.782
500.572
499.74
500.404
500.88
500.232
500.053
501.347
500.289
500.001
499.775
500.683
499.485
499.886
499.913
499.631
499.426
499.578
499.452
500.185
499.51
499.96
499.591
500.136
499.49
500.307
500.049
499.87
500.343
500.831
499.751
494.149
500.598
500.85
500.767
499.392
500.294
499.986
500.027
500.07
494.425
494.289
494.187
494.361
494.543
494.463
494.516
494.664
499.697
494.344
494.367
499.779
494.181
494.185
500.27
499.982
500.051
500.144
500.342
494.651
499.785
494.287
494.167
494.212
494.074
494.289
494.172
494.226
499.871
494.366
494.356
494.501
