664.376
665.161
666.855
667.495
671.146
664.236
663.688
661.999
663.172
660.982
664.953
662.438
661.972
672.91
668.485
670.908
669.155
672.141
669.213
670.516
670.065
673.077
669.681
668.337
667.315
669.111
670.858
668.509
673.013
662.448
667.174
658.696
662.127
661.85
670.767
667.47
669.522
667.613
668.253
666.287
666.293
667.143
665.453
665.104
666.278
664.855
661.441
662.645
662.374
661.728
664.088
672.142
668.791
665.024
664.684
665.769
663.881
664.392
664.961
667.62
663.053
664.312
665.782
667.392
664.449
664.023
670.586
689.032
705.328
706.321
702.753
684.42
665.967
660.058
661.641
667.031
664.051
662.845
663.443
661.73
661.945
662.329
661.505
662.638
664.26
663.959
662.425
662.645
665.606
662.495
661.283
665.351
662.487
666.289
667.82
668.511
666.24
674.111
669.619
668.996
