494.733
497.405
500.401
496.012
502.169
508.518
510.027
495.694
496.337
497.49
496.732
495.179
496.29
496.639
496.392
496.357
496.785
496.657
496.164
496.696
496.043
496.17
495.259
496.146
496.316
496.812
496.252
496.449
496.846
496.781
495.955
496.325
496.083
496.002
496.522
495.93
496.096
495.24
495.61
496.015
496.678
495.942
496.173
495.638
495.891
496.653
496.702
496.724
497.111
496.742
496.944
496.617
496.749
497.229
496.839
496.597
493.448
496.851
497.17
496.592
496.371
496.826
496.829
496.525
496.222
495.766
496.563
495.901
496.654
496.881
497.51
496.823
496.751
496.884
497.397
497.43
496.63
496.906
496.761
496.767
496.265
496.407
496.439
496.865
496.309
497.004
496.655
496.559
496.472
495.881
496.754
496.605
496.717
496.257
496.472
496.155
495.278
496.023
496.557
494.455
