2490.37
2430.69
2423.89
2420.21
2412.97
2418.21
2399.23
2417.52
2421.13
2421.31
2418.63
2403.67
2421.18
2412.36
2407.15
2433.23
2438.74
2428.75
2428.16
2437.02
2434.52
2438.93
2433.81
2437.36
2422.8
2429.29
2432.93
2428.8
2430.59
2368.79
2428.88
2426.18
2426.17
2429.96
2436.68
2400.63
2429.88
2424.05
2432.5
2435.67
2417.77
2423.2
2417.19
2434.35
2432.38
2429.24
2436.62
2432.04
2430.74
2429.35
2438.78
2425.74
2437.82
2428.91
2433.52
2433.4
2433.93
2425.5
2406.23
2426.5
2433.25
2432.23
2426.75
2429.41
2408.57
2432.22
2424.09
2427.95
2422.92
2418.73
2426.6
2425.46
2432.02
2431.71
2420.91
2428.38
2435.37
2466.57
2429.5
2430.45
2438.59
2432.9
2423.64
2433.76
2430.52
2433.01
2425.89
2434.49
2425.14
2416.64
2427.44
2430.98
2434.85
2416.65
2436.57
2424.97
2421.23
2420.08
2462
2392.55
