1371.04
1369.28
1368.85
1376.71
1374.93
1372.76
1373.72
861.159
858.741
858.943
855.421
859.673
851.406
859.174
855.818
858.172
859.074
859.129
859.116
858.846
859.047
858.702
859.531
858.635
858.676
859.053
859.113
859.649
833.636
862.719
863.554
860.193
859.747
859.658
859.998
859.781
859.847
859.507
859.112
859.695
859.657
859.6
859.6
859.598
859.285
851.346
862.482
859.28
858.883
858.761
859.437
859.444
859.526
859.277
859.549
857.968
855.049
854.651
854.291
854.886
854.164
853.497
854.593
854.713
854.841
854.557
854.711
853.999
854.861
855.026
856.638
854.424
854.236
854.883
854.799
854.497
853.399
854.989
854.552
855.465
859.402
858.827
859.282
856.607
856.273
856.472
856.454
856.537
856.491
856.444
863.672
859.023
859.253
859.238
859.247
859.283
859.366
858.844
859.584
859.371
860.028
859.705
858.304
859.38
859.59
859.371
859.94
