241.279
237.414
238.437
250.707
260.26
264.208
262.392
265.176
262.943
264.729
261.869
263.79
262.091
264.641
262.263
264.65
262.826
264.005
262.54
264.309
263.027
262.896
262.998
263.925
264.28
267.12
263.912
264.025
263.654
264.321
262.851
265.22
263.74
264.273
263.606
265.081
263.297
265.068
265.422
264.381
265.336
265.878
263.709
264.877
264.976
265.721
264.056
264.217
267.554
265.38
266.626
264.794
267.69
264.531
266.728
265.093
266.928
263.982
267.581
264.714
266.257
265.022
267.541
265.715
269.58
266.503
266.255
266.852
266.449
265.053
266.934
266.44
265.911
265.755
267.488
266.143
267.419
265.53
267
265.77
266.657
265.417
266.435
266.215
265.811
268.267
266.979
266.463
267.573
266.991
266.605
267.999
265.763
267.977
266.165
269.299
258.062
268.2
265.961
266.579
