1026.31
1018.11
1032.62
1030.09
1027.89
1031.08
1036.09
1034.3
1036.21
1035.95
1035.69
1033.79
1036.51
1034.51
1035.04
1036.32
1037.06
1040.71
1047.77
1035.94
1035.14
1040.6
1037.63
1040.58
1041.02
1034.68
1037.39
1041.28
1041.7
1037.14
1038.52
1042.47
1039.77
1043.54
1041.6
1044.65
1037.6
1047.12
1040.27
1043.02
1045.19
1041.04
1047.54
1045.07
1046.61
1041.39
1042.9
1037.92
1042.89
1046.34
1044.7
1045.96
1045.49
1041.25
1042.86
1047.12
1048.84
1040.58
1041.62
1047.6
1042.16
1042.09
1048.04
1047.48
1047.16
1049.29
1049.01
1050.65
1047.38
1047.25
1045.4
1045.21
1047.15
1048.11
1041.48
1047.09
1047.8
1046.09
1044.15
1048.97
1045.5
1047.91
1046.12
1044.4
1042.16
1046.21
1046.41
1044.4
1046.07
1046.17
1047.96
1049.9
1041.67
1043.09
1045.6
1045.71
1043.27
1048.74
1044.9
1041.78
