3194.8
3109.91
2843.88
1988.71
2014.45
2016.22
2019.83
2063.11
2064.07
2077.22
2066.55
2065.84
2066.09
2064.76
2074.14
2027.63
2028.92
2028.7
2020.61
2016.25
2020.29
2023.51
2019.19
2030.78
2036.58
2027.49
2020.59
2027.22
2037.19
2034.26
2032.28
2042.8
2035.49
2031.1
2035.15
2042.81
2041.28
2100.54
2052.69
2036.63
2036.04
2032.54
2034.18
2029.45
2020.51
2039.98
2055
2020.74
2029.17
2021.44
2033.75
2028.36
2026.49
2023.56
2026.55
2026.12
2028.99
2031.66
2025.75
2028.07
2030.68
2019.05
2023.83
2023.42
2021.84
2028.16
2069.07
2025.1
2020.83
2067.73
2031.36
2023.78
2022.94
2024.31
2026.07
2049.48
2019.06
2010.82
2021.91
2122.41
2254.87
2653.55
2160.07
2014.1
2024.79
2010.8
2013.63
2012.81
2015.06
2026.2
2024.13
2028.66
2010.87
2018.92
2012.9
2027.92
2014.79
2012.94
2025.06
2025.09
