1351.91
1353.74
1353.78
1361.9
1354.13
1355.57
1355.51
1353.73
1354.2
1353.4
1353.97
1353.74
1353.8
1354.01
1355.85
1355.94
1365.64
1360.68
1361.36
1361.05
1382.4
1377.83
1379.28
1379.81
1379.06
1380.5
1363.44
1384.5
1380.45
1376.06
1357.18
1353.7
1354.66
1353.19
1354.06
1354.52
1353.91
1354.56
1365.66
1359.22
1360.31
1360.55
1366.22
1361.87
1367.39
1382.18
1378.66
1379.15
1379.63
1378.93
1379.89
1379.62
1377.75
1365.37
1361.11
1360.36
1361.84
1360.82
1359.47
1357.59
1357.41
1358.35
1357
1358.91
1356.76
1356.91
1357.89
1358.99
1354.13
1377.27
1356.35
1352.54
1354.84
1354.25
1354.88
1352.98
1352.86
1352.84
1353.72
1352.76
1352.69
1352.49
1354.72
1355.31
1352.84
1353.19
1352.77
1351.91
1353.98
1353.56
1352.36
1352.53
1352.25
1353.41
1353.19
1355.13
1352.89
1353.54
1353.11
1353.74
