1141.47
1131.08
1129.72
1131.36
1130.05
1131.29
1131.51
1132.74
1130.28
1127.02
1132.32
1133.07
1129.7
1130.53
1130.17
1131.33
1133.15
1131.08
1132.16
1128.4
1124.24
1134.21
1136.92
1130.41
1134.01
1131.75
1131.95
1132.45
1132.62
1132.14
1130.97
1120.07
1133.65
1129.99
1134.66
1132.57
1136.01
1132.39
1134.96
1132.1
1134.97
1131.27
1118.46
1119.8
1137.49
1133.41
1136.28
1132.14
1136.74
1132.79
1137.14
1132.99
1131.21
1130.94
1132.05
1137.86
1133.75
1137.46
1145.7
1218.28
1152.82
1392.69
1325.36
1390.37
1243.07
1258
1405.06
1193.04
1127.33
1123.18
1131.85
1132.2
1124.3
1126.43
1131.66
1123.4
1131.25
1118.15
1131.67
1128.19
1123.51
1118.37
1131.67
1117.18
1132.92
1118.59
1124.75
1131.38
1130.64
1118.7
1132.87
1128.85
1129.03
1131.72
1116.8
1130.89
1116.62
1130.28
1117.79
1132.54
