896.18
894.097
915.476
902.074
887.386
901.142
893.876
889.296
886.006
893.031
891.159
889.97
891.7
896.858
892.008
900.275
899.359
889.949
896.414
893.308
911.257
895.178
900.703
897.24
891.123
895.193
892.687
892.125
901.151
898.685
917.744
898.386
881.127
894.71
905.265
887.608
885.107
895.72
889.283
900.727
891.916
896.454
906.32
905.855
903.078
902.438
892.522
895.924
893.023
896.511
889.867
895.938
897.415
889.42
896.758
894.27
898.798
897.645
893.878
887.272
893.456
897.37
889.992
898.489
896.797
895.548
891.411
908.105
901.051
901.704
891.817
899.754
896.992
888.228
894.683
895.097
897.521
908.366
906.524
895.017
899.153
897.715
891.641
900.569
891.882
899.716
895.967
901.795
897.037
897.416
896.504
901.26
895.508
886.867
912.139
902.904
907.822
892.073
896.715
902.581
