1457.26
1457.55
1457.51
1457.15
1456.89
1456.93
1456.54
1457.59
1456.93
1457.81
1456.95
1427.76
1457.18
1457.31
1457.37
1456.67
1457.2
1467.53
1456.88
1456.44
1457.04
1456.43
1456.79
1456.71
1456.58
1456.42
1456.99
1457.08
1457.13
1467.09
1467.63
1456.81
1457.32
1457.11
1457.4
1456.82
1458.23
1457.13
1457.46
1466.37
1467.12
1457.3
1458.03
1457.86
1457.53
1457.19
1458.7
1457.05
1456.95
1456.95
1457.11
1467.88
1457.46
1467.73
1457.61
1457.01
1457.02
1457.11
1457.6
1457.37
1457.02
1457.83
1457.37
1467.41
1457.43
1457.33
1457.27
1457.02
1457.13
1456.9
1457.03
1457.13
1457.36
1457.71
1457.22
1457.08
1457.13
1457.16
1457.35
1467.41
1457.35
1457.86
1457.19
1457.41
1457.64
1457.5
1457.79
1457.14
1468.88
1466.93
1456.9
1426.43
1463.68
1457.13
1457.05
1457.78
1457.28
1457.68
1457.7
1457.01
