348.786
346.951
345.256
344.419
358.494
368.749
364.527
364.092
357.978
350.028
351.765
350.95
352.776
353.311
353.716
355.691
375.213
351.193
350.198
355.344
354.382
351.672
352.426
350.429
349.897
351.391
357.458
352.938
353.382
352.922
352.584
353.457
352.197
350.876
351.262
351.498
354.493
351.985
349.65
351.424
354.493
353.438
348.965
354.529
353.985
355.093
356.122
353.518
357.187
355.802
358.881
356.2
355.614
353.814
353.511
354.027
354.237
356.851
355.188
358.417
356.373
355.071
356.347
354.652
356.629
353.805
354.321
361.126
355.563
353.426
353.685
353.928
353.403
353.487
356.987
354.727
358.186
355.431
350.822
353.682
351.132
351.236
356.893
352.834
352.472
354.103
352.439
355.605
353.701
351.729
354.763
354.491
355.174
356.705
356.631
358.297
355.545
357.21
355.462
355.519
