333.543
330.417
327.644
327.077
327.124
327.121
330.816
332.232
331.737
331.589
330.777
331.472
331.152
330.707
331.434
330.987
331.268
331.443
331.124
331.151
331.513
331.648
331.384
331.992
331.441
331.677
332.004
331.438
331.613
332.228
352.252
331.687
331.845
332.151
331.378
331.995
332.074
334.9
332.943
332.436
331.707
338.38
334.947
334.484
335.58
335.788
334.315
335.959
335.747
334.552
335.832
335.39
337.5
333.473
331.809
337.332
333.859
333.396
333.004
334.117
333.704
333.078
333.792
333.91
335.307
332.485
332.626
335.491
332.318
332.621
332.713
335.767
335.465
336.254
332.845
333.554
333.029
332.876
333.816
333.085
333.479
336.657
332.969
333.281
334.883
336.64
336.615
338.922
333.329
333.306
334.441
333.273
333.583
334.392
333.208
333.674
334.074
333.676
336.721
333.83
