1456.17
1456.99
1456.6
1457.19
1456.9
1466.08
1467.69
1456.79
1456.58
1457.47
1457.31
1457.25
1457.67
1457.38
1457.23
1458.16
1457.35
1457.45
1457.21
1457.42
1457.4
1457.43
1458.11
1457.14
1467.44
1468.38
1460.02
1459.91
1466.9
1457.81
1457.41
1468.63
1466.26
1457.04
1457.15
1456.94
1457.13
1457.16
1457.28
1457.06
1457.25
1456.63
1457.27
1456.95
1458.01
1467.95
1463.47
1466.71
1457.2
1457.33
1457.65
1457.72
1457.57
1457.36
1457.25
1466.66
1457.31
1457.19
1457.34
1457.28
1467.23
1457.68
1468.07
1457.16
1457.13
1456.92
1456.93
1456.67
1457.57
1457.05
1468.6
1467.46
1457.07
1456.45
1457.76
1457.29
1457.15
1457.4
1457.21
1457.37
1457.19
1457.35
1456.92
1457.19
1457.16
1466.42
1467.77
1468.58
1458.25
1466.83
1457.38
1457.08
1457.12
1456.92
1457.42
1457.56
1457.94
1457.52
1458.01
1457.01
