282.804
283.958
289.279
361.819
325.233
314.984
308.298
312.2
300.736
306.472
297.708
295.309
297.145
300.713
305.219
295.27
298.866
297.501
296.368
297.007
295.864
296.113
298.281
298.44
295.767
299.546
298.257
298.34
298.044
295.835
297.434
296.374
300.207
296.322
295.376
297.372
297.306
302.542
300.374
297.414
297.606
295.514
297.022
298.516
297.53
300.964
299.33
297.366
300.122
299.535
296.69
299.337
298.723
298.804
300.572
298.011
299.191
295.903
300.363
299.768
299.539
298.675
296.604
300.463
297.839
300.245
298.859
298.188
300.95
298.319
297.775
298.774
296.875
299.491
298.972
299.459
299.027
303.032
299.058
296.388
300.799
298.895
298.824
300.338
299.704
300.013
298.785
299.358
299.071
299.619
301.094
297.887
298.693
298.118
297.82
297.625
298.568
300.239
299.579
299.608
