709.646
695.973
739.756
722.394
736.794
705.861
725.687
701.201
698.747
698.288
698.966
698.545
698.309
699.865
698.196
697.927
699.262
699.535
698.398
700.966
697.565
699.926
698.505
699.581
698.183
700.159
698.285
699.65
698.874
699.139
699.191
700.434
698.799
699.971
700.208
698.317
699.921
698.343
701.963
698.986
699.986
699.546
698.738
702.176
698.998
700.436
698.976
700.146
698.908
699.05
703.992
699.086
703.772
704.412
704.142
699.704
699.501
700.403
700.453
698.713
700.99
699.92
700.053
698.827
700.62
700.084
700.856
699.489
708.197
700.035
703.534
699.164
703.128
700.37
698.446
702.241
704.014
704.946
698.343
699.259
703.638
699.929
697.958
700.92
700.906
705.136
701.521
704.249
701.575
703.83
701.19
705.295
715.145
713.054
805.34
836.774
806.054
824.728
818.481
770.4
