198.523
196.937
197.357
205.677
244.885
240.608
224.63
247.348
237.752
227.07
237.741
253.13
239.242
230.567
230.479
232.641
233.894
257.045
231.785
224.563
231.024
224.257
225.004
224.748
225.249
225.229
225.082
224.66
223.517
226.411
224.584
242.618
231.738
224.582
224.745
224.172
225.307
222.843
224.869
222.976
224.653
225.124
225.773
225.67
223.68
225.579
223.549
225.319
223.698
224.914
224.572
225.181
225.397
223.33
225.777
223.768
225.506
224.65
224.658
225.009
224.327
225.243
224.094
225.071
224.26
225.355
225.167
223.986
225.314
224.326
225.248
224.72
227.104
226.697
224.964
225.203
224.725
225.595
224.944
224.969
225.493
224.418
225.249
224.197
224.969
224.561
225.191
225.247
224.695
226.013
223.738
225.187
224.002
225.599
224.603
224.735
225.556
224.549
225.432
223.829
