2439.57
2435.21
2467.52
2432.77
2424.63
2393.6
2431.11
2393.73
2429.33
2478.05
2457.83
2395.52
2454.83
2439.55
2407.85
2406.86
2399.25
2408.35
2399.28
2405.41
2394.09
2405.29
2393.38
2406.49
2392.32
2473.05
2441.69
2471.21
2469.41
2437.63
2471.75
2439.39
2472.14
2437.93
2472.08
2483.87
2471.92
2438.61
2472.46
2439.83
2471.71
2438.4
2471.78
2437.7
2471.41
2437.2
2472.42
2439.24
2394.96
2431.28
2429.86
2394.99
2431.15
2394.23
2432.14
2395.2
2430.39
2395.34
2432.38
2395.66
2431.38
2396.45
2415.36
2395.92
2432.03
2394.66
2432.32
2442.52
2470.34
2439.79
2471.74
2417.39
2428.31
2405.82
2432.53
2408.57
2405.12
2405.55
2403.09
2432.43
2408.51
2434.91
2468.9
2425.85
2423.38
2426.88
2422.08
2416.85
2427.21
2406.64
2409.39
2423.85
2429.82
2427.14
2417.15
2422.15
2425.44
2426.59
2400.86
2404.21
