1822.34
1833.65
1765.6
1763.33
1760.06
1763.42
1766.04
1766.06
1766.53
1772.33
1764.39
1764.78
1763.74
1765.53
1764.48
1765.81
1768.34
1764.72
1765.37
1774.15
1765.65
1764.54
1766.39
1765.6
1763.16
1764.25
1764.61
1766.09
1765.28
1763.46
1764.14
1767.05
1765.36
1769.85
1765.75
1763.26
1762.78
1773.05
1761.9
1764.73
1766.48
1769.21
1767.62
1762.87
1761.73
1771.02
1762.41
1766.74
1770.36
1764.65
1762.56
1766.12
1767.78
1765.29
1768.75
1767.66
1771.98
1766.33
1771.17
1766.21
1770.3
1779.95
1771
1769.43
1766.87
1768.23
1779.77
1782.72
1769.01
1768.89
1776.9
1771.97
1771.9
1770.35
1769.56
1771.87
1768.04
1769.35
1768.38
1776.33
1768.14
1771.58
1772.03
1771.7
1771.64
1769.56
1774.44
1771.56
1770.46
1770.19
1776.16
1807.29
1772.79
1775.77
1776.55
1772.33
1770.19
1772.19
1770.13
1773.48
