169.679
165.618
170.108
192.735
202.71
199.254
270.604
200.797
200.436
201.974
224.776
253.495
265.669
200.839
200.994
243.826
276.7
240.789
202.209
200.483
236.143
213.817
256.794
256.93
206.233
200.964
198.679
200.211
200.178
199.029
200.17
199.089
200.25
200.689
199.213
200.241
199.776
200.519
200.361
199.799
201.844
200.275
199.461
200.53
199.044
200.248
201.199
197.789
201.351
199.345
200.215
201.054
198.417
201.208
199.907
199.583
201.333
198.293
201.185
200.94
198.806
201.495
198.831
201.258
201.139
198.325
201.776
200.692
201.165
201.819
198.249
204.001
199.896
200.53
201.775
198.815
202.176
202.025
200.187
202.609
199.525
202.291
201.719
200.194
202.568
200.416
202.008
202.11
201.382
202.431
201.697
200.969
202.071
200.037
202.122
202.443
200.31
201.703
201.138
201.665
