1111.65
1138.63
1149.8
1124.44
1101.47
1131.72
1119.37
1071.54
1100.69
1125.94
1117.22
1072.03
1097.63
1165.55
1100.6
1136.89
1117.81
1116.65
1131.11
1090.95
1133.71
1112.17
1108.02
1127.44
1088.17
1153.08
1128.32
1098.32
1119.02
1111.85
1104.41
1096.46
1113.61
1108.12
1114.6
1128.15
1101.09
1109.55
1126.89
1099.64
1124.35
1085.54
1103.5
1094.68
1126.44
1107.61
1115.32
1113.74
1113.45
1110.11
1098.92
1111.53
1097.07
1103.56
1086.99
1110.24
1100.04
1121.46
1109.99
1102.04
1099.97
1119.46
1121.37
1085.94
1105.1
1105.12
1094.08
1110.05
1112.08
1124.45
1112.75
1134.29
1129.17
1105.12
1115.73
1104.28
1112.26
1106.46
1117.57
1097.01
1097.2
1103.51
1107.36
1102.5
1130.84
1113.1
1123.5
1110.79
1124.1
1108.98
1106.76
1119.35
1121.8
1127.52
1112.33
1115.99
1125.16
1122.47
1101.24
1107.86
