422.905
394.331
403.681
401.664
427.246
419.323
402.934
399.862
393.442
395.473
396.12
424.599
460.143
425.264
399.366
407.293
393.773
458.069
453.957
418.018
426.814
450.537
429.825
441.717
407.67
397.782
396.187
394.083
395.03
396.56
390.42
398.54
399.226
392.172
395.408
392.128
395.788
395.845
413.942
394.264
391.909
392.125
395.192
397.686
393.642
391.566
394.717
399.635
396.282
391.953
389.041
393.255
394.983
395.801
392.927
396.232
394.611
395.28
394.971
392.835
395.168
393.02
390.987
398.49
394.961
394.027
394.574
395.459
396.798
391.459
394.203
395.627
392.727
388.281
392.315
406.544
394.35
393.433
391.786
397.39
396.147
395.531
396.924
390.344
392.665
395.956
391.941
395.085
394.992
394.968
399.37
397.1
394.425
390.291
393.913
395.457
392.406
393.592
392.826
396.047
