1036.89
1036.77
1037.11
1037.25
1037.71
1037.75
1036.66
1036.58
1036.6
1037.55
1037.06
1035.56
1036.96
1035.99
1036.95
1037.24
1037.18
1036.99
1036.98
1036.93
1036.85
1036.43
1037.73
1036.79
1037.97
1037.39
1036.74
1041.59
1038.29
1041.43
1040.97
1039.33
1038.63
1038.59
1042.07
1038.59
1038.97
1038.71
1039.26
1038.68
1039.11
1038.55
1038.54
1038.31
1038.41
1038.4
1038.95
1040.05
1038.33
1038.96
1038.57
1038.83
1038.29
1038.76
1038.38
1047.84
1046.95
1037.53
1037.25
1037.36
1037.68
1037.34
1037.88
1037.27
1037.19
1037.27
1037.43
1037.44
1037.56
1036.91
1039.18
1037.66
1037.06
1048.87
1047.5
1043.67
1038.53
1038.88
1039.38
1038.74
1047.03
1047.61
1038.32
1039.17
1037.93
1038.8
1037.86
1037.75
1038.64
1038.06
1037.93
1037.19
1038.72
1038.07
1038.17
1038.21
1038.77
1037.36
1037.65
1037.25
