442.235
447.568
446.3
445.825
445.518
446.079
448.728
448.323
444.04
444.323
445.043
444.169
444.254
446.767
444.562
445.054
444.536
447.094
444.075
444.11
444.317
443.263
443.228
444.016
445.056
444.688
445.643
444.348
444.544
443.795
446.789
447.205
446.856
443.434
444.268
443.717
443.872
443.88
444.41
443.335
447.299
444.906
445.997
443.732
447.216
444.56
445.509
445.407
442.205
447.751
443.32
443.88
446.118
441.437
440.814
441.969
441.736
440.496
441.211
441.891
441.966
442.114
441.51
441.077
442.48
441.185
441.291
441.807
442.725
442.253
442.159
441.832
442.27
441.852
441.53
442.367
441.726
442.714
441.768
441.397
441.289
440.887
441.852
442.742
441.828
442.668
441.758
441.879
441.477
448.053
442.643
446.672
444.131
444.596
445.646
444.618
448.659
445.3
445.87
445.26
