1829.63
1814.34
1864.43
1779.27
1783.82
1781.67
1786.24
1781.17
1781.71
1783.56
1779.26
1780.61
1783.45
1780.65
1779.93
1787.12
1782.37
1778.9
1782.18
1783.59
1780.09
1780.04
1787.08
1787.18
1784.72
1786.37
1782.59
1784.33
1785.59
1786.29
1785.22
1788.12
1786.36
1787.07
1785.5
1786.47
1785.93
1788.35
1785.88
1785.56
1787.66
1788.79
1785.63
1789.53
1787.11
1784.68
1784.39
1787.2
1788
1787.39
1787.73
1788.92
1790.55
1787.4
1789.96
1793.36
1788.75
1793.33
1789.03
1786.12
1786.47
1789.15
1791.16
1788.11
1789.43
1788.62
1787.8
1788.25
1786.99
1792.65
1785.97
1785.18
1788.39
1785.15
1787.07
1791.27
1784.32
1787.33
1788.86
1789.25
1786.79
1792.48
1785.33
1786.69
1788.83
1786.36
1785.89
1786.75
1789.27
1787.25
1787.43
1785.45
1785.5
1785.41
1786.53
1788.65
1787.02
1788.74
1791.41
1787.92
