504.602
497.279
493.571
496.193
488.333
495.297
494.428
496.798
496.426
500.643
494.181
506.077
506.755
505.445
495.693
504.606
504.255
509.584
501.38
507.686
501.103
500.201
507.255
502.534
501.641
501.148
502.148
508.474
506.65
502.463
501.898
500.17
505.077
502.286
505.576
504.824
502.516
500.902
505.2
500.751
503.376
504.662
513.158
511.757
504.948
499.586
506.827
513.543
515.224
514.738
504.842
513.676
514.729
514.767
512.683
506.23
504.888
502.543
507.114
515.309
499.025
501.973
500.909
512.907
507.544
511.169
514.231
506.386
513.796
503.841
506.886
507.561
506.367
504.664
514.445
508.481
502.97
511.161
511.312
511.282
508.864
509.301
507.158
505.284
506.116
507.207
508.228
508.518
509.688
506.503
510.581
508.363
503.712
507.336
500.579
518.008
511.556
518.329
507.629
519.027
