955.832
954.951
956.505
953.804
958.434
965.654
955.17
961.361
979.141
966.278
959.297
959.264
956.671
964.377
956.097
954.495
953.95
963.418
953.065
953.382
982.46
963.931
954.181
954.172
954.498
953.958
954.067
953.581
954.393
954.143
954.32
954.143
953.689
954.306
959.267
961.879
953.983
953.677
953.923
954.019
954.96
953.808
953.783
954.289
953.748
954.345
954.152
953.645
953.43
953.689
953.667
952.751
952.987
953.307
953.078
952.778
953.212
952.801
953.396
963.648
961.125
954.462
954.546
954.635
953.846
954.731
953.805
953.837
953.794
954.032
953.87
954.356
953.843
954.032
953.738
953.72
953.913
953.976
960.901
953.658
954.009
953.944
954.054
963.781
953.834
964.532
959.065
962.961
964.226
963.017
954.533
953.517
953.931
953.9
953.722
953.771
954.809
954.304
953.754
953.812
