253.106
253.953
252.809
256.871
268.045
272.553
262.127
271.048
268.301
260.186
269.947
261.673
261.389
263.517
261.505
263.343
261.474
262.708
263.41
270.814
270.762
260.976
262.296
262.149
262.315
273.892
270.283
271.069
270.823
270.152
269.068
272.601
268.117
270.379
266.893
268.019
270.464
270.409
268.535
270.988
270.921
270.139
271.055
270.015
271.965
270.998
271.546
271.099
272.138
272.581
269.055
272.331
272.139
272.843
268.517
271.65
270.188
272.056
271.059
271.936
271.616
272.41
271.946
271.073
271.136
272.125
269.319
270.831
270.608
273.198
269.98
273.048
272.325
271.685
271.11
271.862
271.528
269.816
271.94
270.968
263.729
261.7
272.896
269.024
270.874
270.489
271.926
271.242
270.243
270.496
271.943
271.843
271.551
272.98
271.61
272.546
271.241
274.104
271.687
271.233
