983.991
990.252
1033.04
1033.49
992.807
981.848
982.197
981.882
981.692
981.745
981.763
981.959
981.61
981.968
982.254
981.969
982.185
981.786
982.208
981.969
981.944
982.663
981.937
982.001
981.937
982.269
982.134
981.851
982.046
981.842
981.825
981.827
982.037
982.026
981.801
981.974
981.863
982.011
981.934
981.877
981.913
981.858
982.063
982.038
982.146
981.646
982.039
981.668
981.659
981.847
981.656
981.867
981.633
989.298
991.488
982.009
982.278
981.698
981.895
981.612
981.487
981.708
981.738
981.804
981.73
981.857
981.505
982.052
982.127
981.612
981.701
981.986
981.978
981.781
981.741
982.061
981.818
981.6
981.896
981.791
981.535
981.575
981.701
992.024
991.794
982.185
981.808
982.093
981.707
982
981.857
981.979
982.201
982.047
982.056
982.221
981.956
981.992
981.912
981.864
