201.465
198.646
204.681
222.894
232.188
227.919
269.465
224.151
238.179
238.677
242.46
226.727
228.91
241.522
258.572
249.879
230.333
232.604
228.972
229.418
230.563
247.401
232.012
256.361
229.665
230.316
231.145
228.932
230.83
227.964
229.413
226.917
232.957
226.607
229.722
229.834
227.689
231.599
227.594
231.326
226.748
228.899
227.955
228.538
230.254
236.999
229.49
226.652
229.638
227.56
229.993
225.891
231.13
229.262
228.326
232.538
226.47
230.328
227.259
230.239
227.721
229.968
229.467
229.314
230.061
227.54
230.485
227.227
230.579
227.994
230.126
229.49
229.092
229.522
228.198
230.362
227.801
229.938
235.414
232.141
229.719
230.309
237.053
228.981
231.91
227.886
229.792
232.408
235.898
237.09
231.079
236.508
234.744
238.724
227.689
230.513
227.195
231.661
230.27
229.921
