251.269
249.629
254.441
253.683
270.562
275.242
271.306
274.355
297.846
263.955
330.236
263.095
275.965
275.181
276.087
271.65
271.085
271.833
272.502
273.671
271.452
272.353
267.947
273.215
274.9
271.629
263.263
272.399
272.178
271.844
271.242
272.362
269.957
262.442
262.798
271.952
271.45
272.086
263.281
264.429
263.658
264.541
264.107
265.189
264.56
272.698
263.274
266.482
265.092
272.388
272.376
262.79
272.482
271.762
271.343
273.416
263.137
265.148
264.58
264.801
271.837
272.318
262.931
264.557
264.404
264.239
272.357
269.551
274.788
263.148
265.564
263.563
265.454
271.976
273.506
271.361
263.979
263.508
265.601
264.013
265.304
264.13
267.254
273.17
263.376
273.287
273.152
271.124
268.414
273.038
271.576
264.055
272.996
268.6
264.264
270.905
263.878
272.728
272.829
272.334
