172.009
168.82
169.186
186.453
198.057
199.404
201.647
202.826
200.981
204.998
200.68
203.122
204.431
200.218
206.573
200.83
203.993
203.778
199.869
206.108
200.956
203.136
202.321
200.59
203.036
200.537
204.115
202.485
201.795
203.291
200.923
208.031
203.198
202.013
202.627
201.065
203.227
204.269
204.422
202.694
202.123
203.503
202.704
201.348
205.505
201.586
202.676
203.016
201.947
201.986
203.232
202.324
203.119
208.879
201.645
204.281
200.333
203.028
203.722
202.957
204.524
200.662
202.811
203.156
202.401
204.215
200.97
203.073
203.415
203.612
205.595
201.605
204.287
204.95
201.758
219.003
200.429
204.48
201.66
204.874
203.023
201.029
206.039
200.989
204.018
203.391
200.84
205.664
201.665
203.55
204.95
201.896
205.326
202.569
203.251
205.04
200.912
205.606
202.945
217.486
