335.426
333.682
328.273
326.203
330.203
326.72
341.561
334.708
340.205
337.461
329.692
330.555
330.371
330.487
330.033
329.81
330.9
329.931
330.049
330.526
331.02
340.833
340.348
335.553
342.128
350.778
340.265
339.966
343.565
341.09
343.783
332.565
332.541
341.92
330.941
331.24
331.876
331.346
331.554
332.377
331.618
331.924
331.918
331.861
331.979
331.878
332.509
332.142
331.922
331.874
332.163
331.983
332.078
331.755
333.387
332.512
332.076
332.097
333.672
331.556
332.204
332.624
331.747
332.745
332.462
331.619
332.567
332.256
331.805
332.664
332.78
331.971
341.502
341.483
331.725
332.513
332.422
332.278
332.448
332.912
332.981
332.374
332.97
332.611
334.023
332.584
332.843
333.303
332.761
332.961
333.722
333.464
332.426
333.362
333.49
331.812
333.305
341.465
341.458
332.834
