206.225
203.197
208.283
230.201
253.959
251.464
237.279
238.993
241.66
230.844
238.712
232.038
235.067
236.875
236.479
234.586
232.102
236.939
237.369
233.609
227.246
236.664
235.352
234.005
228.777
237.862
235.247
231.232
235.949
227.989
236.626
228.925
236.332
227.115
238.748
227.71
236.645
227.226
235.254
237.244
236.308
227.872
228.16
239.207
228.166
229.822
236.331
228.053
237.135
236.02
229.928
234.907
239.071
235.736
237.395
226.618
237.77
227.051
230.471
228.705
238.492
229.238
237.026
229.724
235.431
229.017
249.323
246.055
244.391
228.216
227.478
230.677
236.006
237.443
236.068
228.489
229.916
238.017
228.893
236.143
238.679
235.225
230.072
238.111
229.933
238.352
228.659
236.319
237.756
235.606
228.698
231.58
237.754
236.609
236.114
236.797
228.496
237.335
238.112
235.242
