254.174
253.578
255.007
254.213
251.262
265.157
271.206
261.463
261.993
261.695
262.658
268.584
259.881
259.574
260.999
259.726
261.137
259.83
269.897
269.756
262.509
270.012
262.117
272.499
263.441
263.606
264.155
264.354
263.916
264.553
273.803
270.472
263.284
264.951
272.574
263.676
263.824
272.741
262.301
264.277
272.021
271.061
271.399
271.702
271.426
263.901
272.436
272.51
262.797
274.646
273.049
272.543
262.464
264.42
272.457
263.702
263.877
265.019
271.894
272.489
269.942
263.472
268.979
270.851
272.075
266.804
273.834
269.717
272.094
260.926
273.635
266.716
273.746
267.402
274.327
268.068
273.785
272.858
272.447
272.402
273.792
272.275
272.757
272.273
272.042
269.968
271.583
269.71
271.819
272.73
272.535
273.218
272.166
271.46
272.824
273.31
272.032
267.154
272.761
270.735
