204.359
215.548
202.511
208.573
225.977
239.038
247.409
238.706
224.928
225.995
228.546
239.957
229.928
233.413
223.365
223.551
223.53
223.777
223.029
223.938
223.393
223.453
224.291
223.503
224.45
223.276
223.871
233.965
228.137
233.801
231.263
224.192
231.6
225.432
230.594
232.116
229.543
225.543
232.458
232.897
225.92
232.207
232.014
229.464
232.601
231.165
231.447
240.601
222.421
231.519
230.989
229.619
222.668
231.883
221.997
224.756
231.996
222.671
232.931
222.828
229.582
222.495
230.975
223.154
233.666
232.2
231.735
231.06
230.569
231.855
231.998
231.614
222.458
233.339
224.017
230.492
227.666
232.605
233.801
231.671
224.929
231.664
224.703
233.296
225.049
232.01
223.137
230.867
233.733
231.206
230.787
233.563
231.599
224.938
231.608
224.614
234.319
223.366
225.645
230.654
