170.333
168.92
168.874
183.987
202.523
200.817
206.024
200.928
200.603
201.561
202.821
199.74
202.082
202.914
201.802
204.033
200.063
202.752
203.137
200.625
203.912
199.412
203.526
201.886
210.216
200.52
200.181
205.007
200.813
202.407
201.516
200.578
204.498
202.145
207.798
202.039
200.145
204.937
202.026
202.235
202.16
199.329
203.853
202.295
201.773
202.873
201.205
204.162
202.452
203.47
202.337
202.042
202.873
202.82
201.268
202.525
201.904
201.714
202.05
204.469
201.61
203.442
201.155
203.009
203.087
201.89
202.805
201.11
203.532
203.071
202.538
202.538
201.105
203.47
202.248
202.828
204.551
200.163
204.576
201.844
202.166
204.355
200.379
203.662
201.467
201.398
204.981
200.029
203.317
201.147
200.523
205.265
200.455
203.337
202.99
200.882
204.911
207.229
203.854
201.951
