504.018
498.39
502.132
496.879
493.867
490.643
489.208
512.992
513.453
509.084
499.677
497.089
489.327
488.087
488.231
488.244
488.126
488.249
495.69
488.172
488.326
498.988
488.161
488.237
488.22
488.292
488.17
488.229
499.672
499.779
488.56
489.111
500.287
498.114
488.146
488.381
488.221
488.227
488.331
488.373
488.13
488.171
488.315
488.259
488.547
488.193
488.179
488.354
488.294
488.268
488.281
488.329
488.157
488.177
488.148
488.321
488.461
488.212
488.171
488.133
488.311
488.185
488.223
488.132
488.318
488.151
488.249
488.122
488.158
488.07
488.231
488.165
488.384
488.375
487.95
488.301
488.155
488.166
488.368
488.779
498.196
488.32
488.147
488.38
488.318
488.03
499.351
499.79
488.57
488.015
488.176
498.026
488.392
488.146
488.406
488.112
488.24
488.109
498.748
501.74
