200.211
207.276
205.917
213.256
218.899
223.655
228.752
231.309
231.505
221.921
230.247
223.566
226.344
233.511
223.186
233.934
222.658
233.314
224.387
233.197
229.315
224.763
232.887
233.565
236.093
229.606
234.331
224.356
233.435
233.609
232.007
224.407
224.257
225.642
224.015
225.129
232.223
233.446
225.042
227.947
226.66
234.573
235.289
230.634
227.888
230.334
228.255
231.416
233.669
225.508
234.072
225.042
231.214
227.189
225.776
229.221
231.202
228.382
230.099
234.788
230.847
225.775
235.395
233.456
227.598
231.287
236.127
223.815
226.623
233.695
226.787
234.781
233.17
231.312
232.927
232.71
234.003
234.917
232.507
226.066
226.537
225.867
237.246
224.026
234.802
224.822
234.352
233.765
232.572
227.039
228.606
226.767
229.279
236.188
235.249
234.042
227.979
234.474
227.568
235.295
