213.858
206.843
206.813
213.139
229.675
233.507
233.781
233.193
234.812
233.488
234.741
241.501
242.35
240.631
240.335
234.21
242.28
233.93
244.297
243.518
237.349
243.389
245.888
238.527
243.046
235.487
240.043
237.132
240.101
235.876
243.04
236.13
242.765
240.409
242.784
233.001
244.139
239.94
241.571
234.696
241.46
243.574
235.224
242.302
244.508
242.743
234.034
244.257
242.519
243.029
234.719
244.826
234.045
244.362
234.773
242.573
240.882
243.983
242.901
235.208
246.33
242.783
235.731
240.633
245.21
240.962
237.046
241.38
235.969
242.082
234.764
236.327
236.17
245.892
239.048
237.595
243.351
236.18
242.803
236.606
242.67
243.628
243.522
235.65
242.148
235.661
238.588
236.9
244.643
236.184
245.948
235.006
236.383
243.254
239.917
237.611
244.715
241.917
242.368
244.912
