197.183
179.465
181.664
198.503
207.836
212.541
222.924
245.729
222.408
227.153
210.627
221.364
214.244
221.209
214.721
227.351
217.259
212.762
215.323
214.981
214.222
214.652
213.584
214.868
212.796
214.342
217.421
220.445
219.523
210.925
216.315
213.533
214.162
216.126
218.29
214.595
221.259
213.768
213.875
213.478
214.336
213.023
223.633
212.325
214.935
214.777
213.406
214.359
212.877
216.437
214.384
214.099
214.927
218.054
218.057
219.437
215.304
214.309
213.617
214.354
219.622
213.258
213.997
214.228
214.055
213.057
214.365
213.393
213.976
214.407
213.312
222.93
214.611
213.957
214.509
213.063
215.924
211.873
214.374
215.686
213.361
215.358
213.205
214.956
212.936
214.485
215.829
213.88
215.912
212.293
215.435
213.515
214.728
217.224
213.575
213.193
213.423
215.473
214.118
215.501
