1146.64
1148.2
1148.66
1149.34
1146.83
1148.7
1150.8
1147.92
1148.4
1151.45
1146.93
1146.5
1148.38
1158.94
1158.99
1151.22
1156.4
1159.48
1147.64
1147.6
1146.83
1148.67
1156.88
1149.59
1148.12
1149.63
1147.98
1157.38
1159.33
1147.81
1160.22
1148.81
1149.86
1149.94
1147.91
1150.36
1151.16
1148.82
1147.41
1149.05
1153.43
1153
1150.43
1173.81
1170.12
1166.62
1150.02
1181.58
1183.58
1207.59
1172.96
1178.57
1148.47
1158.7
1185.46
1175.53
1168.06
1162.78
1166.47
1184.48
1172.62
1160.78
1155.38
1148.42
1157.25
1149.53
1151.84
1156.46
1150.21
1155.27
1147.31
1147.84
1152.37
1158.92
1147.39
1148.24
1149.35
1147.79
1149.55
1147.6
1148.85
1175.82
1173.91
1159.38
1150.09
1149.27
1150.69
1148.9
1148.42
1159.91
1150.65
1152.16
1149.81
1149.08
1149.13
1151.47
1149.21
1151.56
1157.35
1149.59
