203.122
206.644
198.132
211.672
246.296
250.92
225.138
224.104
235.525
231.779
230.146
232.217
228.225
231.579
229.174
223.168
224.445
229.655
229.805
230.926
222.464
231.331
230.339
229.111
222.778
224.566
231.797
223.941
224.629
232.661
222.576
224.48
231.994
230.17
231.875
229.862
232.968
227.211
232.68
227.639
231.92
229.736
230.073
224.362
231.338
232.647
230.187
223.281
223.956
231.333
224.97
231.399
223.333
232.901
224.332
231.076
234.58
229.349
223.721
232.17
226.061
232.669
222.746
237.477
230.805
223.85
230.674
222.775
231.577
223.743
232.926
223.384
233.844
222.328
232.783
221.638
230.799
230.194
224.374
224.773
225.625
233.473
231.441
223.806
235.554
231.835
224.219
231.788
234.095
229.103
233.698
230.487
233.708
227.152
233.055
232.783
231.626
233.72
231.257
224.283
