167.963
165.788
176.127
206.009
199.101
199.626
257.024
292.67
220.286
205.386
204.36
206.288
232.479
277.066
253.518
200.47
239.415
270.795
203.594
196.687
200.192
198.389
199.592
199.956
198.702
204.912
208.609
203.439
201.778
203.506
208.627
207.338
199.112
200.59
197.813
201.012
207.669
207.495
207.862
222.062
257.713
236.665
197.178
251.396
211.063
219.684
261.985
211.996
271.96
196.909
223.682
233.357
196.865
202.106
199.727
198.265
199.925
201.225
199.567
199.862
200.11
199.942
201.046
198.665
199.302
200.046
198.635
200.913
198.754
199.226
201.887
198.468
199.73
198.625
200.037
201.294
197.715
200.343
199.398
199.359
202.153
197.427
202.829
199.518
198.012
202.379
197.041
201.559
202.775
197.88
200.917
198.195
202.466
201.016
197.383
202.505
198.084
201.698
200.904
197.532
