365.308
361.86
361.846
359.704
354.923
362.298
358.56
359.294
358.567
357.568
358.586
357.756
357.771
358.127
357.697
357.798
357.416
357.365
357.579
358.822
358.933
358.942
358.154
358.493
357.883
358.868
357.458
357.299
357.736
358.44
358.268
357.826
358.242
358.284
357.963
368.291
359.418
359.36
367.527
357.754
359.018
358.204
358.352
358.38
357.31
358.597
358.993
359.267
358.566
357.808
359.084
358.827
358.63
357.788
357.981
358.358
358.325
358.356
358.436
359.808
358.378
360.084
359.254
359.359
359.083
368.304
356.52
358.705
359.129
358.998
358.372
359.229
358.616
358.869
358.973
358.966
359.092
364.847
355.625
368.03
358.364
359.129
359.754
359.329
358.794
358.531
358.449
359.198
358.917
363.712
358.238
358.636
359.6
359.288
360.397
359.148
358.872
359.423
358.738
359.617
