390.941
384.413
384.693
384.437
384.536
384.236
384.166
385.004
390.347
385.019
389.257
386.846
385.831
386.868
387.441
387.904
387.53
387.634
387.622
387.372
387.814
388.946
390.279
386.435
387.926
389.539
390.185
390.081
390.308
390.186
393.391
389.901
390.33
390.169
390.047
387.169
390.846
390.172
389.956
390.243
387.169
392.188
390.149
390.318
390.59
390.576
388.323
388.909
389.212
390.12
387.713
388.358
387.998
391.036
391.068
391.195
390.2
388.875
390.901
391.671
391.46
390.727
390.904
386.778
390.666
390.659
396.954
387.586
388.827
389.148
388.268
389.046
388.55
389.243
387.323
388.375
389.301
388.304
388.613
387.789
388.338
388.432
388.315
388.176
388.621
388.346
389.007
388.401
389.808
390.537
389.608
389.664
389.555
388.538
388.56
388.629
389.206
388.206
397.559
397.832
