975.466
975.746
975.931
975.983
975.764
976.439
975.804
975.582
986.639
985.963
987.196
976.19
976.056
976.125
976.32
976.037
976.306
976.176
976.044
975.96
976.06
976.109
976.061
975.622
975.935
975.958
975.878
985.398
976.291
986.529
976.347
985.701
987.699
986.261
987.218
976.39
976.11
975.711
975.946
976.125
976.269
976.065
975.982
975.845
976.429
976.228
975.767
975.86
975.654
975.864
975.975
975.574
976.103
975.723
976.01
978.039
976.225
976.299
976.121
976.135
976.396
976.238
976.042
975.935
976.296
976.253
976.517
975.851
976.463
976.148
986.374
986.239
976.399
976.374
976.243
976.164
976.193
976.294
976.39
976.329
976.296
976.497
976.207
976.098
976.098
976.074
976.325
976.092
976.247
976.08
976.419
976.257
975.921
976.505
976.365
985.754
987.005
975.987
976.039
976.131
