496.811
499.236
500.1
500.866
498.741
501.04
501.046
499.873
500.965
500.449
499.733
500.69
488.756
497.313
500.357
498.764
497.537
489.19
499.669
499.305
489.22
488.972
497.515
500.848
488.837
489.01
498.986
503.067
500.629
488.779
498.95
488.66
496.277
500.433
489.197
497.678
500.301
499.549
489.133
497.218
499.881
489.273
499.027
500.052
489.308
498.905
488.725
489.026
500.568
489.214
489.224
489.086
489.215
489.177
489.292
500.245
498.235
500.051
500.487
497.516
499.52
489.607
489.212
489.211
498.75
488.986
488.58
488.545
499.882
501.166
488.535
488.685
488.574
489.107
489.186
489.218
489.161
489.161
489.293
489.298
489.018
489.203
489.368
489.187
488.952
488.606
488.52
489.052
488.561
488.524
489.008
488.486
499.524
489.446
489.298
489.163
489.209
489.36
489.308
497.731
