177.867
167.696
164.828
182.178
190.64
196.685
197.696
196.61
199.464
196.522
198.876
199.335
196.275
199.087
197.54
198.579
198.405
196.073
199.732
198.031
198.368
198.234
196.087
198.99
198.422
198.005
198.567
197.265
199.217
198.571
197.947
198.715
198.6
198.906
200.464
198.986
198.846
199.613
198.751
198.674
198.593
198.897
199.741
200.23
200.907
200.251
197.329
201.519
198.292
208.299
211.148
195.97
207.623
195.819
200.503
201.999
197.327
201.637
197.571
198.803
200.617
197.11
201.826
197.878
199.44
201.396
197.269
201.355
198.278
198.814
201.912
197.38
200.671
200.542
197.805
206.707
194.053
202.658
200.005
199.866
199.307
196.633
201.72
198.291
199.329
214.309
195.26
202.687
199.274
198.652
199.003
197.973
200.906
199.581
200.02
199.25
198.271
201.286
198.809
199.076
