514.073
508.626
505.34
502.111
506.935
510.756
509.019
511.222
510.203
511.254
512.344
510.432
510.457
509.797
511.368
511.9
511.456
510.962
510.727
511.108
510.118
510.987
510.834
499.664
512.027
511.187
510.327
509.162
510.393
511.501
510.295
500.193
510.982
511.985
511.53
510.41
512.66
511.135
511.309
510.283
511.595
510.445
512.394
510.305
511.396
511.4
512.024
511.535
512.569
511.521
511.001
511.761
511.182
510.359
510.618
510.984
511.521
511.652
512.553
510.604
510.103
510.813
511
511.655
511.121
511.438
508.873
511.954
511.027
511.568
511.59
511.326
512.028
511.36
510.28
511.252
511.284
511.621
512.292
511.353
509.892
511.373
511.913
510.593
511.238
511.089
511.694
510.62
511.084
511.707
511.075
510.959
510.723
511.512
510.489
511.982
511.422
511.513
511.875
511.812
