504.932
514.641
507.482
511.929
503.445
503.625
505.856
512.064
503.778
503.542
503.964
503.72
503.526
503.705
503.634
504.652
503.562
503.631
503.516
514.197
503.835
503.808
503.525
512.026
514.473
503.6
503.636
512.321
514.343
503.805
512.607
515.897
506.041
503.189
503.616
503.439
514.27
503.853
503.566
503.718
513.819
503.866
503.795
503.886
514.945
503.836
512.569
503.764
513.076
502.942
511.953
503.16
514.29
512.649
503.011
512.982
503.153
502.933
512.346
503.21
503.382
513.365
503.993
503.979
514.358
503.798
503.876
503.869
503.893
514.077
506.356
503.781
503.917
513.091
503.166
503.07
502.942
513.875
503.318
503.347
503.328
503.11
503.047
503.669
503.279
504.188
503.328
503.546
503.726
503.509
503.764
503.307
514.468
509.81
503.301
515.419
503.355
503.666
503.644
503.543
