501.263
495.419
486.929
488.034
489.676
498.547
496.519
487.093
486.827
496.929
487.436
487.324
496.06
487.602
498.419
488.735
487.499
487.228
487.454
487.471
487.489
487.535
487.187
487.662
487.395
487.397
487.391
487.301
497.355
487.446
487.23
487.289
499.924
498.915
487.8
496.869
498.925
487.397
487.415
487.334
497.03
499.737
488.661
487.808
487.596
488.433
496.677
488.319
497.986
487.149
501.278
499.366
487.844
487.247
487.249
487.338
487.419
487.211
488.136
487.271
497.682
497.333
495.34
498.522
489.055
498.493
487.823
497.183
487.468
497.681
487.534
487.305
497.506
496.943
498.746
487.707
487.041
487.27
496.033
487.241
487.424
497.594
497.66
498.969
487.911
495.471
498.058
497.229
487.322
487.171
487.38
487.373
487.123
497.634
497.94
488.134
487.431
487.564
487.376
487.394
