232.33
228.446
228.59
244.644
254.627
257.555
256.096
258.198
256.961
258.028
257.311
259.046
257.3
258.588
256.768
263.044
257.571
258.712
258.453
258.789
258.601
258.754
257.469
259.99
262.966
266.033
263.519
256.319
258.151
258.678
258.969
258.845
258.29
258.858
258.273
258.436
258.732
259.064
259.035
259.514
258.165
259.268
270.014
258.295
258.613
259.774
258.64
260.719
258.43
260.538
259.516
260.708
258.006
261.162
258.29
259.968
259.723
260.022
258.424
260.054
259.052
261.784
266.274
259.311
258.596
259.703
259.438
259.173
258.254
259.711
264.218
259.488
258.235
259.314
259.287
260.258
259.036
259.061
258.534
260.525
258.942
260.417
258.684
260.881
259.336
259.583
259.095
259.693
258.796
259.103
260.771
261.115
259.488
259.554
259.6
260.468
259.147
262.039
258.953
260.965
