506.962
497.941
501.615
493.769
493.451
493.192
493.359
500.359
503.866
493.419
493.887
502.096
504.762
494.743
493.868
493.824
501.738
504.728
493.893
502.705
505.092
503.511
504.708
493.888
493.985
502.156
504.886
494.005
494.229
504.287
502.986
493.6
494.02
502.194
505.189
494.113
502.321
505.445
504.613
494.019
502.7
504.691
493.938
494.05
494.076
493.923
494.149
493.897
503.578
503.963
506.107
505.163
494.038
505.669
505.584
494.324
504.452
504.805
494.025
494.089
493.875
506.704
494.092
494.055
494.112
505.149
506.918
504.545
494.104
494.09
505.986
503.164
504.758
494.002
503.606
504.576
494.068
503.942
493.459
493.31
493.265
493.53
493.287
493.851
503.471
503.425
494.183
494.16
503.511
505.098
493.978
504.631
494.135
503.945
494.047
493.964
504.077
493.326
493.392
493.483
