1055.75
1050.67
1049.22
1048.24
1051.47
1052.06
1051.76
1045.14
1034.37
1029.73
1028.83
1051.19
1041.95
1028.89
1029.42
1043.91
1030.02
1029.37
1046.23
1050.09
1043.43
1048.83
1048.64
1035.75
1048.31
1047.66
1049.15
1058.51
1038.16
1049.3
1050.06
1029.04
1029.38
1045.26
1039.87
1053.89
1037.87
1044.17
1061.96
1051.59
1044.93
1047.58
1052.08
1045.62
1029.74
1028.56
1028.67
1028.84
1028.25
1028.35
1053.57
1039.48
1039.74
1028.63
1029.71
1028.61
1028.56
1059.26
1046.86
1057.45
1035.97
1031.26
1033.25
1037.64
1031.51
1030.49
1030.42
1030.9
1031.56
1030.95
1030.66
1030.63
1029.76
1028.33
1028.51
1028.88
1029.17
1031.4
1028.34
1029.1
1036.16
1039.29
1039.12
1028.5
1028.87
1028.8
1029.71
1028.65
1028.5
1028.38
1042.05
1039.72
1030.12
1030.78
1052.99
1052.65
1036.65
1033.84
1036.81
1040.5
