208.154
196.114
196.214
212.157
224.552
222.451
230.043
231.548
223.425
232.423
221.876
231.901
224.444
230.999
224.265
223.299
225.106
231.394
233.02
222.923
231.763
233.821
231.37
223.973
230.492
232.191
227.446
233.837
221.746
232.317
232.131
230.343
232.692
228.942
225.374
231.228
225.463
229.297
227.363
224.275
231.704
231.319
231.946
230.496
232.333
231.81
231.392
224.48
233.529
223.302
233.031
223.814
232.208
231.417
230.956
232.104
232.488
231.677
224.732
232.971
232.741
230.12
226.11
230.938
225.381
233.304
231.068
229.353
227.595
232.193
234.86
229.411
233.863
226.694
226.292
226.632
232.791
233.119
226.399
225.795
230.482
224.575
232.244
231.141
232.692
231.626
224.309
232.013
224.317
232.411
224.021
230.717
224.97
230.084
223.931
225.006
234.452
228.589
231.499
233.024
