337.318
330.846
331.033
330.89
331.303
331.114
330.835
332.289
335.769
334.78
334.337
334.712
335.381
334.454
334.142
334.793
334.691
334.868
334.928
335.044
334.875
334.601
334.707
335.17
334.789
335.033
335.421
335.253
334.98
335.695
335.382
335.335
335.317
335.052
335.928
335.292
334.951
344.909
335.284
335.779
336.219
335.76
335.857
336.317
335.933
335.562
336.81
335.338
336.147
336.806
336.284
336.078
336.528
336.552
336.813
336.446
336.586
346.522
337.446
347.072
337.984
338.386
338.624
338.865
338.449
338.689
339.15
338.599
338.138
339.3
338.351
338.902
346.255
345.384
336.48
337.488
337.049
337.281
338.533
343.975
335.932
336.887
336.69
336.941
336.797
336.802
337.196
337.024
337.067
337.416
337.291
337.092
337.237
337.238
346.25
342.758
335.568
336.368
336.536
336.12
