177.589
174.346
174.944
197.862
251.386
263.321
212.768
217.138
256.795
245.06
195.288
270.255
206.456
209.233
277.812
239.439
196.617
198.821
200.312
199.19
198.545
201.303
234.895
209.52
198.01
202.016
199.805
199.805
236.847
260.853
205.664
250.522
244.102
208.701
281.669
224.701
261.532
200.196
198.479
201.666
208.999
213.077
201.595
198.293
208.856
198.536
198.3
200.948
203.444
210.306
211.974
207.636
223.037
225.243
219.901
204.143
207.079
229.547
198.657
203.675
199.143
200.041
201.09
198.455
202.008
199.541
202.941
206.711
196.214
201.901
201.352
198.792
201.96
198.943
201.237
200.533
198.036
201.583
199.82
200.237
200.657
198.78
200.819
199.75
199.61
200.467
199.7
200.763
201.725
200.027
200.288
199.742
201
200.764
200.384
200.037
199.784
200.021
201.375
199.378
