214.144
210.359
211.683
219.759
232.752
256.214
233.283
246.476
237.517
239.148
236.703
239.132
240.791
234.397
229.348
239.254
229.457
236.542
237.523
237.313
237.538
230.872
230.388
239.841
236.16
231.231
236.232
238.936
237.194
238.933
228.65
231.817
239.548
238.356
238.592
236.724
233.546
238.599
232.089
237.439
231.443
244.226
231.531
224.07
239.448
229.533
238.008
239.469
237.88
234.866
239.552
235.753
229.288
232.102
239.386
236.648
238.361
239.01
238.218
232.029
239.654
230.548
231.677
232.868
229.462
239.24
238.563
231.901
239.2
238.637
239.059
232.002
238.247
232.138
234.554
231.784
230.503
238.927
248.174
238.844
229.701
240.495
239.258
238.154
230.451
238.282
240.688
238.066
236.369
236.5
231.24
238.493
232.217
238.519
240.358
236.444
231.318
235.793
236.554
249.414
