269.885
251.755
257.484
263.346
280.488
274.142
276.184
266.546
277.782
273.783
286.357
272.821
268.31
275.895
274.23
277.045
275.792
275.899
278.936
269.863
278.286
268.916
277.42
274.507
274.314
272.528
275.74
274.573
274.755
276.826
274.76
275.981
275.165
276.323
275.27
275.902
275.731
275.343
276.231
276.047
275.958
275.137
275.82
276.363
277.136
276.442
277.48
275.598
277.35
275.036
277.186
273.86
275.999
276.152
275.247
276.972
277.12
277.525
272.473
278.241
275.695
276.912
273.394
277.37
277.968
275.855
277.011
274.017
276.798
271.314
277.472
277.371
276.81
276.576
276.855
277.999
278.058
277.262
277.698
278.201
276.361
278.201
277.496
277.801
277.592
277.183
278.334
275.977
277.791
277.923
277.514
277.284
277.242
278.501
276.165
277.526
276.907
277.512
277.24
273.832
