524.727
516.17
520.351
524.186
516.118
526.114
515.173
515.678
515.368
515.346
526.582
526.608
515.76
516.051
528.294
526.696
516.261
516.192
516.325
526.226
526.583
516.767
526.104
524.447
516.352
516.614
516.521
516.595
515.983
516.421
516.2
526.685
516.477
516.11
516.291
516.838
516.209
516.175
515.953
516.169
516.375
516.491
515.688
527.907
526.479
516.658
526.084
526.26
524.714
515.763
515.532
516.38
526.94
515.46
524.65
527.19
516.427
516.175
525.109
525.907
516.084
526.076
526.341
526.538
516.058
515.684
515.775
515.509
516.265
515.713
515.646
515.743
515.383
515.923
515.723
515.621
526.977
524.764
515.988
516.466
515.652
515.606
515.36
525.649
525.222
515.953
515.325
528.432
516.324
517.17
515.899
516.287
516.176
516.069
516.433
516.344
516.204
516.246
516.423
525.846
