194.009
189.292
181.591
208.566
212.735
258.234
233.612
213.483
225.397
234.047
221.591
224.369
219.087
212.147
224.28
250.769
216.995
222.814
219.122
223.454
215.167
213.124
223.595
244.468
214.142
228.643
225.746
218.875
215.894
221.498
226.419
227.287
213.179
230.128
223.498
218.2
216.682
216.036
212.904
213.901
216.411
212.211
218.416
212.316
216.211
215.302
214.709
214.849
211.182
227.229
214.187
212.369
214.094
210.243
216.626
212.026
215.676
233.629
210.843
213.516
218.257
212.374
212.432
215.569
224.954
214.074
213.821
213.179
213.943
216.219
214.713
213.681
214.515
213.741
223.73
217.196
213.327
212.333
216.486
216.119
212.755
226.473
213.383
220.942
212.061
212.975
213.078
213.739
216.536
211.377
213.505
215.109
213.004
215.782
212.657
216.877
211.185
227.306
213.79
215.305
