267.37
272.16
268.407
259.328
279.263
281.172
276.662
285.43
284.2
275.796
284.083
275.312
274.939
284.916
283.569
296.67
282.943
275.879
276.713
276.396
276.867
277.29
284.016
284.253
275.533
285.658
284.72
274.704
276.385
275.874
276.51
275.73
276.331
275.989
276.789
276.784
275.97
286.772
283.975
276.261
286.152
285.21
275.645
287.702
285.202
275.375
277.2
280.683
287.238
275.482
277.48
276.192
288.116
277.18
278.649
278.543
278.596
278.902
286.015
276.07
276.384
285.682
286.943
278.742
280.682
279.922
279.628
279.993
279.559
281.849
278.999
278.936
278.923
278.907
279.001
278.703
279.619
286.045
286.872
275.335
288.53
277.398
278.973
279.113
278.946
279.737
285.363
283.325
278.189
279.824
278.611
280.484
278.923
286.867
276.685
276.913
278.629
277.012
289.417
277.802
