990.1
989.052
997.629
988.756
989.075
988.806
988.968
988.67
998.967
999.669
988.85
988.426
999.747
990.345
989.158
991.202
997.066
988.924
988.841
989.206
988.848
988.671
996.637
1001.37
989.962
990.267
997.955
990.743
988.566
998.553
988.013
997.109
991.123
990.021
989.798
989.819
989.988
989.932
990.131
990.016
992.337
989.829
989.673
990.21
991.034
998.837
988.332
988.795
989.647
988.68
988.828
988.642
988.855
988.336
1005.36
987.948
997.468
988.536
988.99
988.674
989.254
988.079
988.425
999.986
997.451
988.361
988.636
991.064
997.212
998.644
990.147
990.199
990.647
990.86
990.108
989.024
989.906
990.079
989.818
990.119
990.463
992.08
992.533
993.484
997.419
992.225
991.757
991.766
993.603
998.127
988.708
988.658
988.964
988.693
987.994
988.79
988.849
989.027
988.968
988.496
