359.73
368.861
368.386
385.016
392.583
389.234
374.841
369.384
359.381
368.453
359.988
359.554
357.097
358.426
358.524
357.357
357.036
357.885
358.01
357.501
357.931
358.064
357.786
357.809
358.089
357.524
358.083
358.194
366.836
356.859
358.172
358.512
357.558
357.892
358.354
358.197
358.882
358.395
359.798
369.476
368.592
368.046
367.341
358.208
358.359
358.409
359.067
358.824
357.696
359.407
359.074
358.471
358.93
359.142
359.136
358.282
358.999
358.753
358.979
359.587
358.915
358.309
370.316
358.447
358.715
357.867
358.5
359.039
358.948
359.514
358.9
359.011
359.209
359.248
359.384
359.705
359.715
358.481
359.822
358.852
358.614
358.394
359.829
359.54
359.259
359.797
359.112
358.294
359.276
368.74
359.108
358.742
358.718
358.794
359.29
358.348
358.362
358.701
359.662
359.33
