975.656
974.727
976.427
976.328
974.831
974.835
976.841
975.587
975.443
974.781
975.194
974.818
975.44
977.971
974.132
974.672
975.038
975.978
980.956
985.202
976.419
973.938
975.183
974.84
982.783
975.598
974.166
977.75
976.158
975.701
974.733
975.091
975.168
974.741
976.361
977.522
974.64
974.772
975.133
975.12
975.742
974.977
974.413
980.636
983.628
973.737
974.325
974.119
973.578
973.364
973.529
973.165
973.596
973.468
982.852
973.013
980.441
974.85
977.719
975.98
983.806
976.958
981.542
982.348
985.57
997.982
992.831
999.036
979.746
973.171
990.487
978.571
1000.81
1001.44
982.804
1007.97
976.651
992.123
984.067
982.652
980.89
978.147
991.762
1000.44
973.802
979.986
990.31
973.212
973.98
982.129
985.853
990.862
986.683
978.287
974.816
996.235
989.68
973.667
978.208
981.08
