326.991
325.788
337.013
326.786
325.779
326.162
325.942
326.224
331.518
340.233
338.57
338.393
329.094
329.606
339.477
329.249
329.89
331.019
330.143
329.843
339.86
337.522
329.409
329.988
329.843
330.061
330.134
330.157
330.582
330.803
330.962
330.825
330.585
330.452
338.243
330.43
330.435
330.216
330.455
330.638
331.455
330.987
330.547
330.392
331.15
330.606
330.935
331.448
330.771
331.037
331.378
330.84
331.441
331.672
330.601
331.274
331.052
330.714
332.056
331.867
331.077
332.023
331.648
331.482
332.753
331.445
332.012
332.03
331.508
331.783
331.684
331.889
331.738
331.669
331.698
342.522
339.746
331.118
331.529
331.356
332.23
331.13
331.775
332.612
330.905
331.914
332.313
331.747
331.934
331.952
331.277
332.237
331.729
331.121
332.562
332.028
331.349
332.498
331.778
331.516
