295.899
297.275
295.173
298.907
329.172
321.017
325.532
329.534
335.485
314.286
315.266
316.029
316.395
318.125
316.48
316.369
317.46
316.714
315.283
317.751
315.763
316.467
315.907
316.033
315.357
317.695
315.142
315.637
318.149
317.642
315.798
318.141
318.288
317.052
318.596
318.361
317.77
318.923
317.359
318.336
318.105
318.178
318.68
316.231
320.057
320.303
317.764
319.764
317.034
318.425
320.179
318.136
318.76
318.687
317.921
319.877
318.532
318.841
319.315
317.498
319.745
317.904
318.11
319.56
318.634
319.002
320.252
318.876
319.053
318.602
317.905
318.996
319.707
318.033
317.636
317.445
319.824
314.033
317.063
318.886
315.248
331.036
318.389
315.735
314.005
317.406
314.299
317.627
317.379
318.221
314.792
317.398
316.264
314.462
317.705
317.113
315.685
316.642
315.359
314.019
