344.934
335.251
342.003
341.839
341.979
342.149
358.528
331.45
337.836
327.809
328.72
328.474
329.314
328.624
337.835
338.546
328.154
328.492
329.009
329.093
328.611
329.517
328.988
329.053
329.043
360.276
328.971
329.322
329.358
329.4
329.237
329.144
350.692
329.665
330.749
330.769
330.521
331.201
339.486
339.019
330.94
330.108
330.643
330.401
330.043
330.48
331.217
330.868
330.848
330.723
330.608
331.047
330.754
330.538
331.393
330.822
330.54
331.233
330.825
331.218
339.945
330.158
330.709
330.613
330.667
331.265
331.105
330.784
342.497
333.086
334.403
333.638
333.669
333.853
332.833
333.786
333.607
333.854
333.91
334.169
334.029
334.298
334.914
333.214
334.213
334.246
333.593
334.266
334.333
333.762
335.533
334.006
334.295
335.333
334.356
334.335
335.383
334.687
334.631
335.017
