1001.58
1000.47
1000.35
1000.72
1001.02
1000.59
1000.68
1000.93
1000.37
1000.42
1001.06
1000.58
1000.18
1000.49
1000.9
1000.11
1001.13
1001.54
1000.38
999.913
1000.38
1010.26
1000.64
1001.06
1000.87
1000.61
1000.4
1001.3
1001.52
1000.67
1000.45
1000.65
1000.7
1007.54
1013.1
1001.52
1002.55
1002.59
1003.79
1003.88
1004.05
1003
1002.15
1002.35
1002
1008.45
1001.03
1000.72
1000.71
1000.85
1000.77
1000.42
1000.86
999.829
999.297
1027.91
1019.13
1005.11
999.975
1000.58
1000.36
1000.06
1001.15
999.507
1000.3
1000.51
999.545
999.644
1013.64
1010.17
1001.87
1000.73
1001
1000.94
1000.58
1000.84
1000.91
999.974
1000.66
1000.91
1001.13
1000.48
1000.57
1004.42
1000.52
1001.23
1000.31
1000.72
999.978
999.884
999.987
1000.07
999.582
999.945
1000.36
1000.58
1006.44
1018.34
1014.16
1002.58
