253.628
255.038
250.992
255.917
264.426
263.8
271.553
272.346
269.903
270.639
273.097
261.909
273.185
272.769
271.07
273.902
273.754
270.157
271.095
273.846
270.379
272.793
273.037
272.598
274.261
272.698
270.233
273.552
273.505
270.834
275.548
269.253
274.304
272.241
273.464
273.809
273.659
272.879
273.161
271.08
270.315
274.021
271.635
274.926
272.203
263.948
272.897
273.908
270.708
269.599
273.896
273.749
273.023
272.767
274.137
274.059
273.905
273.258
275.791
272.271
273.451
273.084
273.227
271.212
273.915
272.668
274.342
273.964
274.164
272.527
273.983
272.445
274.897
272.921
273.043
271.991
274.622
274.771
273.749
274.049
272.146
275.255
272.361
273.812
273.446
274.294
274.31
275.31
273.242
274.097
274.574
272.773
274.82
273.572
274.192
272.793
275.47
272.29
274.06
274.646
