342.867
343.866
335.62
340.148
340.494
336.015
348.038
348.631
372.492
344.898
338.069
337.625
338.135
337.629
337.681
346.03
347.72
339.287
339.72
339.492
339.716
340.36
339.62
339.74
339.952
340.084
339.756
340.145
346.287
339.189
339.546
339.518
339.827
339.62
339.763
339.062
339.972
338.935
339.871
346.608
347.029
337.501
344.472
343.826
338.42
338.117
338.46
338.246
345.652
337.55
338.022
347.623
337.93
338.252
338.192
348.103
336.79
337.707
345.062
337.653
337.946
338.246
338.395
338.55
338.261
338.387
338.74
338.343
348.044
345.289
338.532
338.373
338.643
347.834
337.85
348.849
344.42
347.188
346.759
338.496
338.306
339.326
339.172
338.797
339.765
339.173
338.342
339.47
338.844
339.141
339.596
338.918
338.449
339.71
338.781
338.793
347.376
337.929
338.652
338.717
