975.189
985.225
985.15
975.105
975.478
975.636
975.425
974.986
975.084
975.155
975.189
975.144
975.127
975.22
975.341
975.463
975.34
975.196
975.412
975.472
975.404
975.181
975.502
975.199
975.202
975.116
974.953
975.104
975.336
974.983
975.373
975.114
975.553
975.333
975.299
975.343
975.485
977.314
975.633
975.436
975.533
974.931
975.525
975.419
975.545
977.301
975.411
1003.79
975.585
974.812
975.335
978.988
986.504
980.974
983.509
1024.39
988.052
979.113
980.081
977.629
975.045
975.435
975.099
975.102
975.025
975.104
974.98
974.981
975.4
975.297
975.34
975.177
975.388
986.314
985.701
975.263
975.554
974.952
975.344
975.303
975.747
975.875
975.142
975.178
975.108
975.402
975.351
975.458
975.215
975.323
975.517
975.755
975.251
986.51
984.869
977.195
984.818
975.159
977.523
985.721
