252.533
261.855
260.72
262.9
263.893
278.448
276.85
278.347
276.367
275.808
276.903
277.82
278.384
278.135
277.163
277.445
279.446
277.115
278.896
275.674
279.498
277.923
278.252
278.554
277.295
277.429
275.834
277.594
279.32
279.952
277.269
279.356
277.919
280.511
279.664
278.851
274.799
278.487
277.035
274.652
279.619
276.13
275.589
274.15
275.909
276.932
280.673
277.877
278.426
275.854
279.717
279.266
276.018
280.246
278.195
278.693
278.402
279.748
276.626
280.005
277.825
280.77
277.025
279.492
280.185
279
279.903
277.153
279.964
278.094
280.785
278.182
279.72
281.226
275.663
279.867
278.717
279.777
277.215
278.925
279.192
280.069
278.8
279.792
276.782
279.673
278.111
279.789
278.259
279.277
280.487
276.693
280.974
268.428
281.068
277.469
279.051
279.329
277.175
279.329
