587.201
580.544
583.359
583.713
576.568
577.767
579.21
580.046
576.688
581.595
581.409
581.79
571.078
583.916
579.578
579.899
580.669
580.596
582.724
583.572
593.024
597.783
597.549
597.778
597.834
573.718
570.604
570.468
582.076
570.091
570.926
579.158
572.379
569.706
569.297
580.082
572.267
571.098
569.634
570.335
570.574
570.229
570.457
579.873
577.058
582.22
582.385
580.782
576.833
581.906
580.623
579.991
581.383
571.634
581.268
582.429
580.181
580.535
576.293
582.724
582.487
580.913
579.268
581.094
580.951
577.953
582.473
580.681
582.999
581.077
581.488
580.995
580.51
581.084
581.47
580.892
581.725
578.57
580.588
579.459
582.563
580.133
578.663
580.39
580.017
580.906
581.272
581.605
579.662
576.409
580.449
580.396
581.37
580.543
581.894
582.478
579.051
582.245
579.86
581.132
